0 0 0 0 0 0 0 0 0 0 0 0
92


0 0 0 0 0 0 0 0 0 0 0 1
89


0 0 0 0 0 0 0 0 0 0 1 0
92


0 0 0 0 0 0 0 0 0 0 1 1
89


0 0 0 0 0 0 0 0 0 1 0 0
92


0 0 0 0 0 0 0 0 0 1 0 1
88


0 0 0 0 0 0 0 0 0 1 1 0
92


0 0 0 0 0 0 0 0 0 1 1 1
91


0 0 0 0 0 0 0 0 1 0 0 0
90


0 0 0 0 0 0 0 0 1 0 0 1
88


0 0 0 0 0 0 0 0 1 0 1 0
89


0 0 0 0 0 0 0 0 1 0 1 1
92


0 0 0 0 0 0 0 0 1 1 0 0
92


0 0 0 0 0 0 0 0 1 1 0 1
87


0 0 0 0 0 0 0 0 1 1 1 0
91


0 0 0 0 0 0 0 0 1 1 1 1
88


0 0 0 0 0 0 0 1 0 0 0 0
91


0 0 0 0 0 0 0 1 0 0 0 1
88


0 0 0 0 0 0 0 1 0 0 1 0
97


0 0 0 0 0 0 0 1 0 0 1 1
91


0 0 0 0 0 0 0 1 0 1 0 0
92


0 0 0 0 0 0 0 1 0 1 0 1
89


0 0 0 0 0 0 0 1 0 1 1 0
90


0 0 0 0 0 0 0 1 0 1 1 1
87


0 0 0 0 0 0 0 1 1 0 0 0
90


0 0 0 0 0 0 0 1 1 0 0 1
91


0 0 0 0 0 0 0 1 1 0 1 0
91


0 0 0 0 0 0 0 1 1 0 1 1
93


0 0 0 0 0 0 0 1 1 1 0 0
92


0 0 0 0 0 0 0 1 1 1 0 1
92


0 0 0 0 0 0 0 1 1 1 1 0
89


0 0 0 0 0 0 0 1 1 1 1 1
88


0 0 0 0 0 0 1 0 0 0 0 0
90


0 0 0 0 0 0 1 0 0 0 0 1
88


0 0 0 0 0 0 1 0 0 0 1 0
92


0 0 0 0 0 0 1 0 0 0 1 1
90


0 0 0 0 0 0 1 0 0 1 0 0
90


0 0 0 0 0 0 1 0 0 1 0 1
96


0 0 0 0 0 0 1 0 0 1 1 0
94


0 0 0 0 0 0 1 0 0 1 1 1
91


0 0 0 0 0 0 1 0 1 0 0 0
93


0 0 0 0 0 0 1 0 1 0 0 1
93


0 0 0 0 0 0 1 0 1 0 1 0
93


0 0 0 0 0 0 1 0 1 0 1 1
94


0 0 0 0 0 0 1 0 1 1 0 0
94


0 0 0 0 0 0 1 0 1 1 0 1
90


0 0 0 0 0 0 1 0 1 1 1 0
91


0 0 0 0 0 0 1 0 1 1 1 1
96


0 0 0 0 0 0 1 1 0 0 0 0
94


0 0 0 0 0 0 1 1 0 0 0 1
87


0 0 0 0 0 0 1 1 0 0 1 0
89


0 0 0 0 0 0 1 1 0 0 1 1
88


0 0 0 0 0 0 1 1 0 1 0 0
88


0 0 0 0 0 0 1 1 0 1 0 1
86


0 0 0 0 0 0 1 1 0 1 1 0
90


0 0 0 0 0 0 1 1 0 1 1 1
90


0 0 0 0 0 0 1 1 1 0 0 0
88


0 0 0 0 0 0 1 1 1 0 0 1
93


0 0 0 0 0 0 1 1 1 0 1 0
99


0 0 0 0 0 0 1 1 1 0 1 1
91


0 0 0 0 0 0 1 1 1 1 0 0
90


0 0 0 0 0 0 1 1 1 1 0 1
89


0 0 0 0 0 0 1 1 1 1 1 0
93


0 0 0 0 0 0 1 1 1 1 1 1
87


0 0 0 0 0 1 0 0 0 0 0 0
0


0 0 0 0 0 1 0 0 0 0 0 1
0


0 0 0 0 0 1 0 0 0 0 1 0
0


0 0 0 0 0 1 0 0 0 0 1 1
0


0 0 0 0 0 1 0 0 0 1 0 0
0


0 0 0 0 0 1 0 0 0 1 0 1
0


0 0 0 0 0 1 0 0 0 1 1 0
0


0 0 0 0 0 1 0 0 0 1 1 1
0


0 0 0 0 0 1 0 0 1 0 0 0
0


0 0 0 0 0 1 0 0 1 0 0 1
0


0 0 0 0 0 1 0 0 1 0 1 0
0


0 0 0 0 0 1 0 0 1 0 1 1
0


0 0 0 0 0 1 0 0 1 1 0 0
0


0 0 0 0 0 1 0 0 1 1 0 1
0


0 0 0 0 0 1 0 0 1 1 1 0
0


0 0 0 0 0 1 0 0 1 1 1 1
0


0 0 0 0 0 1 0 1 0 0 0 0
0


0 0 0 0 0 1 0 1 0 0 0 1
0


0 0 0 0 0 1 0 1 0 0 1 0
0


0 0 0 0 0 1 0 1 0 0 1 1
0


0 0 0 0 0 1 0 1 0 1 0 0
0


0 0 0 0 0 1 0 1 0 1 0 1
0


0 0 0 0 0 1 0 1 0 1 1 0
0


0 0 0 0 0 1 0 1 0 1 1 1
0


0 0 0 0 0 1 0 1 1 0 0 0
0


0 0 0 0 0 1 0 1 1 0 0 1
0


0 0 0 0 0 1 0 1 1 0 1 0
0


0 0 0 0 0 1 0 1 1 0 1 1
0


0 0 0 0 0 1 0 1 1 1 0 0
0


0 0 0 0 0 1 0 1 1 1 0 1
0


0 0 0 0 0 1 0 1 1 1 1 0
0


0 0 0 0 0 1 0 1 1 1 1 1
0


0 0 0 0 0 1 1 0 0 0 0 0
561


0 0 0 0 0 1 1 0 0 0 0 1
548


0 0 0 0 0 1 1 0 0 0 1 0
548


0 0 0 0 0 1 1 0 0 0 1 1
548


0 0 0 0 0 1 1 0 0 1 0 0
551


0 0 0 0 0 1 1 0 0 1 0 1
545


0 0 0 0 0 1 1 0 0 1 1 0
554


0 0 0 0 0 1 1 0 0 1 1 1
549


0 0 0 0 0 1 1 0 1 0 0 0
546


0 0 0 0 0 1 1 0 1 0 0 1
548


0 0 0 0 0 1 1 0 1 0 1 0
549


0 0 0 0 0 1 1 0 1 0 1 1
546


0 0 0 0 0 1 1 0 1 1 0 0
549


0 0 0 0 0 1 1 0 1 1 0 1
548


0 0 0 0 0 1 1 0 1 1 1 0
551


0 0 0 0 0 1 1 0 1 1 1 1
548


0 0 0 0 0 1 1 1 0 0 0 0
554


0 0 0 0 0 1 1 1 0 0 0 1
546


0 0 0 0 0 1 1 1 0 0 1 0
548


0 0 0 0 0 1 1 1 0 0 1 1
551


0 0 0 0 0 1 1 1 0 1 0 0
552


0 0 0 0 0 1 1 1 0 1 0 1
547


0 0 0 0 0 1 1 1 0 1 1 0
553


0 0 0 0 0 1 1 1 0 1 1 1
549


0 0 0 0 0 1 1 1 1 0 0 0
551


0 0 0 0 0 1 1 1 1 0 0 1
548


0 0 0 0 0 1 1 1 1 0 1 0
547


0 0 0 0 0 1 1 1 1 0 1 1
549


0 0 0 0 0 1 1 1 1 1 0 0
548


0 0 0 0 0 1 1 1 1 1 0 1
549


0 0 0 0 0 1 1 1 1 1 1 0
551


0 0 0 0 0 1 1 1 1 1 1 1
551


0 0 0 0 1 0 0 0 0 0 0 0
91


0 0 0 0 1 0 0 0 0 0 0 1
89


0 0 0 0 1 0 0 0 0 0 1 0
98


0 0 0 0 1 0 0 0 0 0 1 1
91


0 0 0 0 1 0 0 0 0 1 0 0
88


0 0 0 0 1 0 0 0 0 1 0 1
89


0 0 0 0 1 0 0 0 0 1 1 0
94


0 0 0 0 1 0 0 0 0 1 1 1
90


0 0 0 0 1 0 0 0 1 0 0 0
90


0 0 0 0 1 0 0 0 1 0 0 1
91


0 0 0 0 1 0 0 0 1 0 1 0
96


0 0 0 0 1 0 0 0 1 0 1 1
87


0 0 0 0 1 0 0 0 1 1 0 0
91


0 0 0 0 1 0 0 0 1 1 0 1
90


0 0 0 0 1 0 0 0 1 1 1 0
94


0 0 0 0 1 0 0 0 1 1 1 1
96


0 0 0 0 1 0 0 1 0 0 0 0
93


0 0 0 0 1 0 0 1 0 0 0 1
94


0 0 0 0 1 0 0 1 0 0 1 0
90


0 0 0 0 1 0 0 1 0 0 1 1
88


0 0 0 0 1 0 0 1 0 1 0 0
92


0 0 0 0 1 0 0 1 0 1 0 1
91


0 0 0 0 1 0 0 1 0 1 1 0
90


0 0 0 0 1 0 0 1 0 1 1 1
88


0 0 0 0 1 0 0 1 1 0 0 0
88


0 0 0 0 1 0 0 1 1 0 0 1
90


0 0 0 0 1 0 0 1 1 0 1 0
90


0 0 0 0 1 0 0 1 1 0 1 1
89


0 0 0 0 1 0 0 1 1 1 0 0
90


0 0 0 0 1 0 0 1 1 1 0 1
89


0 0 0 0 1 0 0 1 1 1 1 0
91


0 0 0 0 1 0 0 1 1 1 1 1
93


0 0 0 0 1 0 1 0 0 0 0 0
90


0 0 0 0 1 0 1 0 0 0 0 1
88


0 0 0 0 1 0 1 0 0 0 1 0
91


0 0 0 0 1 0 1 0 0 0 1 1
88


0 0 0 0 1 0 1 0 0 1 0 0
89


0 0 0 0 1 0 1 0 0 1 0 1
96


0 0 0 0 1 0 1 0 0 1 1 0
90


0 0 0 0 1 0 1 0 0 1 1 1
96


0 0 0 0 1 0 1 0 1 0 0 0
92


0 0 0 0 1 0 1 0 1 0 0 1
89


0 0 0 0 1 0 1 0 1 0 1 0
91


0 0 0 0 1 0 1 0 1 0 1 1
90


0 0 0 0 1 0 1 0 1 1 0 0
93


0 0 0 0 1 0 1 0 1 1 0 1
94


0 0 0 0 1 0 1 0 1 1 1 0
94


0 0 0 0 1 0 1 0 1 1 1 1
92


0 0 0 0 1 0 1 1 0 0 0 0
92


0 0 0 0 1 0 1 1 0 0 0 1
98


0 0 0 0 1 0 1 1 0 0 1 0
91


0 0 0 0 1 0 1 1 0 0 1 1
86


0 0 0 0 1 0 1 1 0 1 0 0
92


0 0 0 0 1 0 1 1 0 1 0 1
89


0 0 0 0 1 0 1 1 0 1 1 0
90


0 0 0 0 1 0 1 1 0 1 1 1
89


0 0 0 0 1 0 1 1 1 0 0 0
89


0 0 0 0 1 0 1 1 1 0 0 1
96


0 0 0 0 1 0 1 1 1 0 1 0
90


0 0 0 0 1 0 1 1 1 0 1 1
90


0 0 0 0 1 0 1 1 1 1 0 0
97


0 0 0 0 1 0 1 1 1 1 0 1
89


0 0 0 0 1 0 1 1 1 1 1 0
90


0 0 0 0 1 0 1 1 1 1 1 1
91


0 0 0 0 1 1 0 0 0 0 0 0
0


0 0 0 0 1 1 0 0 0 0 0 1
0


0 0 0 0 1 1 0 0 0 0 1 0
0


0 0 0 0 1 1 0 0 0 0 1 1
0


0 0 0 0 1 1 0 0 0 1 0 0
1


0 0 0 0 1 1 0 0 0 1 0 1
0


0 0 0 0 1 1 0 0 0 1 1 0
0


0 0 0 0 1 1 0 0 0 1 1 1
0


0 0 0 0 1 1 0 0 1 0 0 0
0


0 0 0 0 1 1 0 0 1 0 0 1
0


0 0 0 0 1 1 0 0 1 0 1 0
0


0 0 0 0 1 1 0 0 1 0 1 1
0


0 0 0 0 1 1 0 0 1 1 0 0
0


0 0 0 0 1 1 0 0 1 1 0 1
0


0 0 0 0 1 1 0 0 1 1 1 0
0


0 0 0 0 1 1 0 0 1 1 1 1
0


0 0 0 0 1 1 0 1 0 0 0 0
0


0 0 0 0 1 1 0 1 0 0 0 1
0


0 0 0 0 1 1 0 1 0 0 1 0
0


0 0 0 0 1 1 0 1 0 0 1 1
0


0 0 0 0 1 1 0 1 0 1 0 0
0


0 0 0 0 1 1 0 1 0 1 0 1
0


0 0 0 0 1 1 0 1 0 1 1 0
0


0 0 0 0 1 1 0 1 0 1 1 1
0


0 0 0 0 1 1 0 1 1 0 0 0
0


0 0 0 0 1 1 0 1 1 0 0 1
0


0 0 0 0 1 1 0 1 1 0 1 0
0


0 0 0 0 1 1 0 1 1 0 1 1
0


0 0 0 0 1 1 0 1 1 1 0 0
0


0 0 0 0 1 1 0 1 1 1 0 1
0


0 0 0 0 1 1 0 1 1 1 1 0
0


0 0 0 0 1 1 0 1 1 1 1 1
0


0 0 0 0 1 1 1 0 0 0 0 0
546


0 0 0 0 1 1 1 0 0 0 0 1
539


0 0 0 0 1 1 1 0 0 0 1 0
541


0 0 0 0 1 1 1 0 0 0 1 1
540


0 0 0 0 1 1 1 0 0 1 0 0
538


0 0 0 0 1 1 1 0 0 1 0 1
537


0 0 0 0 1 1 1 0 0 1 1 0
540


0 0 0 0 1 1 1 0 0 1 1 1
539


0 0 0 0 1 1 1 0 1 0 0 0
539


0 0 0 0 1 1 1 0 1 0 0 1
539


0 0 0 0 1 1 1 0 1 0 1 0
542


0 0 0 0 1 1 1 0 1 0 1 1
537


0 0 0 0 1 1 1 0 1 1 0 0
538


0 0 0 0 1 1 1 0 1 1 0 1
536


0 0 0 0 1 1 1 0 1 1 1 0
540


0 0 0 0 1 1 1 0 1 1 1 1
540


0 0 0 0 1 1 1 1 0 0 0 0
539


0 0 0 0 1 1 1 1 0 0 0 1
538


0 0 0 0 1 1 1 1 0 0 1 0
538


0 0 0 0 1 1 1 1 0 0 1 1
538


0 0 0 0 1 1 1 1 0 1 0 0
540


0 0 0 0 1 1 1 1 0 1 0 1
542


0 0 0 0 1 1 1 1 0 1 1 0
542


0 0 0 0 1 1 1 1 0 1 1 1
540


0 0 0 0 1 1 1 1 1 0 0 0
538


0 0 0 0 1 1 1 1 1 0 0 1
538


0 0 0 0 1 1 1 1 1 0 1 0
544


0 0 0 0 1 1 1 1 1 0 1 1
540


0 0 0 0 1 1 1 1 1 1 0 0
539


0 0 0 0 1 1 1 1 1 1 0 1
539


0 0 0 0 1 1 1 1 1 1 1 0
541


0 0 0 0 1 1 1 1 1 1 1 1
538


0 0 0 0 2 0 0 0 0 0 0 0
92


0 0 0 0 2 0 0 0 0 0 0 1
91


0 0 0 0 2 0 0 0 0 0 1 0
93


0 0 0 0 2 0 0 0 0 0 1 1
91


0 0 0 0 2 0 0 0 0 1 0 0
89


0 0 0 0 2 0 0 0 0 1 0 1
91


0 0 0 0 2 0 0 0 0 1 1 0
92


0 0 0 0 2 0 0 0 0 1 1 1
92


0 0 0 0 2 0 0 0 1 0 0 0
93


0 0 0 0 2 0 0 0 1 0 0 1
96


0 0 0 0 2 0 0 0 1 0 1 0
94


0 0 0 0 2 0 0 0 1 0 1 1
92


0 0 0 0 2 0 0 0 1 1 0 0
91


0 0 0 0 2 0 0 0 1 1 0 1
95


0 0 0 0 2 0 0 0 1 1 1 0
93


0 0 0 0 2 0 0 0 1 1 1 1
90


0 0 0 0 2 0 0 1 0 0 0 0
94


0 0 0 0 2 0 0 1 0 0 0 1
93


0 0 0 0 2 0 0 1 0 0 1 0
90


0 0 0 0 2 0 0 1 0 0 1 1
91


0 0 0 0 2 0 0 1 0 1 0 0
90


0 0 0 0 2 0 0 1 0 1 0 1
92


0 0 0 0 2 0 0 1 0 1 1 0
91


0 0 0 0 2 0 0 1 0 1 1 1
88


0 0 0 0 2 0 0 1 1 0 0 0
89


0 0 0 0 2 0 0 1 1 0 0 1
90


0 0 0 0 2 0 0 1 1 0 1 0
88


0 0 0 0 2 0 0 1 1 0 1 1
88


0 0 0 0 2 0 0 1 1 1 0 0
87


0 0 0 0 2 0 0 1 1 1 0 1
89


0 0 0 0 2 0 0 1 1 1 1 0
89


0 0 0 0 2 0 0 1 1 1 1 1
97


0 0 0 0 2 0 1 0 0 0 0 0
88


0 0 0 0 2 0 1 0 0 0 0 1
92


0 0 0 0 2 0 1 0 0 0 1 0
92


0 0 0 0 2 0 1 0 0 0 1 1
91


0 0 0 0 2 0 1 0 0 1 0 0
88


0 0 0 0 2 0 1 0 0 1 0 1
88


0 0 0 0 2 0 1 0 0 1 1 0
97


0 0 0 0 2 0 1 0 0 1 1 1
92


0 0 0 0 2 0 1 0 1 0 0 0
91


0 0 0 0 2 0 1 0 1 0 0 1
92


0 0 0 0 2 0 1 0 1 0 1 0
92


0 0 0 0 2 0 1 0 1 0 1 1
92


0 0 0 0 2 0 1 0 1 1 0 0
95


0 0 0 0 2 0 1 0 1 1 0 1
87


0 0 0 0 2 0 1 0 1 1 1 0
96


0 0 0 0 2 0 1 0 1 1 1 1
89


0 0 0 0 2 0 1 1 0 0 0 0
93


0 0 0 0 2 0 1 1 0 0 0 1
93


0 0 0 0 2 0 1 1 0 0 1 0
91


0 0 0 0 2 0 1 1 0 0 1 1
93


0 0 0 0 2 0 1 1 0 1 0 0
93


0 0 0 0 2 0 1 1 0 1 0 1
87


0 0 0 0 2 0 1 1 0 1 1 0
93


0 0 0 0 2 0 1 1 0 1 1 1
90


0 0 0 0 2 0 1 1 1 0 0 0
89


0 0 0 0 2 0 1 1 1 0 0 1
88


0 0 0 0 2 0 1 1 1 0 1 0
94


0 0 0 0 2 0 1 1 1 0 1 1
92


0 0 0 0 2 0 1 1 1 1 0 0
95


0 0 0 0 2 0 1 1 1 1 0 1
92


0 0 0 0 2 0 1 1 1 1 1 0
92


0 0 0 0 2 0 1 1 1 1 1 1
91


0 0 0 0 2 1 0 0 0 0 0 0
0


0 0 0 0 2 1 0 0 0 0 0 1
0


0 0 0 0 2 1 0 0 0 0 1 0
0


0 0 0 0 2 1 0 0 0 0 1 1
0


0 0 0 0 2 1 0 0 0 1 0 0
0


0 0 0 0 2 1 0 0 0 1 0 1
0


0 0 0 0 2 1 0 0 0 1 1 0
0


0 0 0 0 2 1 0 0 0 1 1 1
0


0 0 0 0 2 1 0 0 1 0 0 0
0


0 0 0 0 2 1 0 0 1 0 0 1
0


0 0 0 0 2 1 0 0 1 0 1 0
0


0 0 0 0 2 1 0 0 1 0 1 1
0


0 0 0 0 2 1 0 0 1 1 0 0
0


0 0 0 0 2 1 0 0 1 1 0 1
0


0 0 0 0 2 1 0 0 1 1 1 0
1


0 0 0 0 2 1 0 0 1 1 1 1
0


0 0 0 0 2 1 0 1 0 0 0 0
0


0 0 0 0 2 1 0 1 0 0 0 1
0


0 0 0 0 2 1 0 1 0 0 1 0
0


0 0 0 0 2 1 0 1 0 0 1 1
0


0 0 0 0 2 1 0 1 0 1 0 0
0


0 0 0 0 2 1 0 1 0 1 0 1
0


0 0 0 0 2 1 0 1 0 1 1 0
0


0 0 0 0 2 1 0 1 0 1 1 1
0


0 0 0 0 2 1 0 1 1 0 0 0
0


0 0 0 0 2 1 0 1 1 0 0 1
0


0 0 0 0 2 1 0 1 1 0 1 0
0


0 0 0 0 2 1 0 1 1 0 1 1
0


0 0 0 0 2 1 0 1 1 1 0 0
0


0 0 0 0 2 1 0 1 1 1 0 1
0


0 0 0 0 2 1 0 1 1 1 1 0
0


0 0 0 0 2 1 0 1 1 1 1 1
0


0 0 0 0 2 1 1 0 0 0 0 0
542


0 0 0 0 2 1 1 0 0 0 0 1
539


0 0 0 0 2 1 1 0 0 0 1 0
540


0 0 0 0 2 1 1 0 0 0 1 1
538


0 0 0 0 2 1 1 0 0 1 0 0
538


0 0 0 0 2 1 1 0 0 1 0 1
542


0 0 0 0 2 1 1 0 0 1 1 0
543


0 0 0 0 2 1 1 0 0 1 1 1
542


0 0 0 0 2 1 1 0 1 0 0 0
548


0 0 0 0 2 1 1 0 1 0 0 1
553


0 0 0 0 2 1 1 0 1 0 1 0
541


0 0 0 0 2 1 1 0 1 0 1 1
536


0 0 0 0 2 1 1 0 1 1 0 0
537


0 0 0 0 2 1 1 0 1 1 0 1
541


0 0 0 0 2 1 1 0 1 1 1 0
547


0 0 0 0 2 1 1 0 1 1 1 1
541


0 0 0 0 2 1 1 1 0 0 0 0
545


0 0 0 0 2 1 1 1 0 0 0 1
541


0 0 0 0 2 1 1 1 0 0 1 0
543


0 0 0 0 2 1 1 1 0 0 1 1
541


0 0 0 0 2 1 1 1 0 1 0 0
544


0 0 0 0 2 1 1 1 0 1 0 1
543


0 0 0 0 2 1 1 1 0 1 1 0
551


0 0 0 0 2 1 1 1 0 1 1 1
552


0 0 0 0 2 1 1 1 1 0 0 0
554


0 0 0 0 2 1 1 1 1 0 0 1
550


0 0 0 0 2 1 1 1 1 0 1 0
552


0 0 0 0 2 1 1 1 1 0 1 1
545


0 0 0 0 2 1 1 1 1 1 0 0
551


0 0 0 0 2 1 1 1 1 1 0 1
543


0 0 0 0 2 1 1 1 1 1 1 0
544


0 0 0 0 2 1 1 1 1 1 1 1
549


0 0 0 1 0 0 0 0 0 0 0 0
99


0 0 0 1 0 0 0 0 0 0 0 1
89


0 0 0 1 0 0 0 0 0 0 1 0
95


0 0 0 1 0 0 0 0 0 0 1 1
96


0 0 0 1 0 0 0 0 0 1 0 0
96


0 0 0 1 0 0 0 0 0 1 0 1
95


0 0 0 1 0 0 0 0 0 1 1 0
95


0 0 0 1 0 0 0 0 0 1 1 1
93


0 0 0 1 0 0 0 0 1 0 0 0
99


0 0 0 1 0 0 0 0 1 0 0 1
92


0 0 0 1 0 0 0 0 1 0 1 0
98


0 0 0 1 0 0 0 0 1 0 1 1
96


0 0 0 1 0 0 0 0 1 1 0 0
94


0 0 0 1 0 0 0 0 1 1 0 1
93


0 0 0 1 0 0 0 0 1 1 1 0
94


0 0 0 1 0 0 0 0 1 1 1 1
95


0 0 0 1 0 0 0 1 0 0 0 0
96


0 0 0 1 0 0 0 1 0 0 0 1
95


0 0 0 1 0 0 0 1 0 0 1 0
98


0 0 0 1 0 0 0 1 0 0 1 1
101


0 0 0 1 0 0 0 1 0 1 0 0
93


0 0 0 1 0 0 0 1 0 1 0 1
96


0 0 0 1 0 0 0 1 0 1 1 0
101


0 0 0 1 0 0 0 1 0 1 1 1
95


0 0 0 1 0 0 0 1 1 0 0 0
96


0 0 0 1 0 0 0 1 1 0 0 1
95


0 0 0 1 0 0 0 1 1 0 1 0
98


0 0 0 1 0 0 0 1 1 0 1 1
94


0 0 0 1 0 0 0 1 1 1 0 0
98


0 0 0 1 0 0 0 1 1 1 0 1
98


0 0 0 1 0 0 0 1 1 1 1 0
95


0 0 0 1 0 0 0 1 1 1 1 1
97


0 0 0 1 0 0 1 0 0 0 0 0
97


0 0 0 1 0 0 1 0 0 0 0 1
87


0 0 0 1 0 0 1 0 0 0 1 0
92


0 0 0 1 0 0 1 0 0 0 1 1
92


0 0 0 1 0 0 1 0 0 1 0 0
94


0 0 0 1 0 0 1 0 0 1 0 1
95


0 0 0 1 0 0 1 0 0 1 1 0
99


0 0 0 1 0 0 1 0 0 1 1 1
95


0 0 0 1 0 0 1 0 1 0 0 0
95


0 0 0 1 0 0 1 0 1 0 0 1
94


0 0 0 1 0 0 1 0 1 0 1 0
93


0 0 0 1 0 0 1 0 1 0 1 1
95


0 0 0 1 0 0 1 0 1 1 0 0
95


0 0 0 1 0 0 1 0 1 1 0 1
93


0 0 0 1 0 0 1 0 1 1 1 0
95


0 0 0 1 0 0 1 0 1 1 1 1
92


0 0 0 1 0 0 1 1 0 0 0 0
94


0 0 0 1 0 0 1 1 0 0 0 1
97


0 0 0 1 0 0 1 1 0 0 1 0
93


0 0 0 1 0 0 1 1 0 0 1 1
88


0 0 0 1 0 0 1 1 0 1 0 0
95


0 0 0 1 0 0 1 1 0 1 0 1
94


0 0 0 1 0 0 1 1 0 1 1 0
99


0 0 0 1 0 0 1 1 0 1 1 1
96


0 0 0 1 0 0 1 1 1 0 0 0
99


0 0 0 1 0 0 1 1 1 0 0 1
95


0 0 0 1 0 0 1 1 1 0 1 0
98


0 0 0 1 0 0 1 1 1 0 1 1
105


0 0 0 1 0 0 1 1 1 1 0 0
125


0 0 0 1 0 0 1 1 1 1 0 1
99


0 0 0 1 0 0 1 1 1 1 1 0
93


0 0 0 1 0 0 1 1 1 1 1 1
92


0 0 0 1 0 1 0 0 0 0 0 0
0


0 0 0 1 0 1 0 0 0 0 0 1
0


0 0 0 1 0 1 0 0 0 0 1 0
0


0 0 0 1 0 1 0 0 0 0 1 1
0


0 0 0 1 0 1 0 0 0 1 0 0
0


0 0 0 1 0 1 0 0 0 1 0 1
0


0 0 0 1 0 1 0 0 0 1 1 0
0


0 0 0 1 0 1 0 0 0 1 1 1
0


0 0 0 1 0 1 0 0 1 0 0 0
0


0 0 0 1 0 1 0 0 1 0 0 1
0


0 0 0 1 0 1 0 0 1 0 1 0
0


0 0 0 1 0 1 0 0 1 0 1 1
0


0 0 0 1 0 1 0 0 1 1 0 0
0


0 0 0 1 0 1 0 0 1 1 0 1
0


0 0 0 1 0 1 0 0 1 1 1 0
0


0 0 0 1 0 1 0 0 1 1 1 1
0


0 0 0 1 0 1 0 1 0 0 0 0
0


0 0 0 1 0 1 0 1 0 0 0 1
0


0 0 0 1 0 1 0 1 0 0 1 0
0


0 0 0 1 0 1 0 1 0 0 1 1
0


0 0 0 1 0 1 0 1 0 1 0 0
0


0 0 0 1 0 1 0 1 0 1 0 1
0


0 0 0 1 0 1 0 1 0 1 1 0
0


0 0 0 1 0 1 0 1 0 1 1 1
0


0 0 0 1 0 1 0 1 1 0 0 0
0


0 0 0 1 0 1 0 1 1 0 0 1
0


0 0 0 1 0 1 0 1 1 0 1 0
0


0 0 0 1 0 1 0 1 1 0 1 1
0


0 0 0 1 0 1 0 1 1 1 0 0
0


0 0 0 1 0 1 0 1 1 1 0 1
0


0 0 0 1 0 1 0 1 1 1 1 0
0


0 0 0 1 0 1 0 1 1 1 1 1
0


0 0 0 1 0 1 1 0 0 0 0 0
561


0 0 0 1 0 1 1 0 0 0 0 1
543


0 0 0 1 0 1 1 0 0 0 1 0
538


0 0 0 1 0 1 1 0 0 0 1 1
544


0 0 0 1 0 1 1 0 0 1 0 0
542


0 0 0 1 0 1 1 0 0 1 0 1
539


0 0 0 1 0 1 1 0 0 1 1 0
541


0 0 0 1 0 1 1 0 0 1 1 1
539


0 0 0 1 0 1 1 0 1 0 0 0
537


0 0 0 1 0 1 1 0 1 0 0 1
539


0 0 0 1 0 1 1 0 1 0 1 0
541


0 0 0 1 0 1 1 0 1 0 1 1
539


0 0 0 1 0 1 1 0 1 1 0 0
541


0 0 0 1 0 1 1 0 1 1 0 1
540


0 0 0 1 0 1 1 0 1 1 1 0
544


0 0 0 1 0 1 1 0 1 1 1 1
539


0 0 0 1 0 1 1 1 0 0 0 0
541


0 0 0 1 0 1 1 1 0 0 0 1
540


0 0 0 1 0 1 1 1 0 0 1 0
540


0 0 0 1 0 1 1 1 0 0 1 1
540


0 0 0 1 0 1 1 1 0 1 0 0
538


0 0 0 1 0 1 1 1 0 1 0 1
540


0 0 0 1 0 1 1 1 0 1 1 0
542


0 0 0 1 0 1 1 1 0 1 1 1
542


0 0 0 1 0 1 1 1 1 0 0 0
539


0 0 0 1 0 1 1 1 1 0 0 1
539


0 0 0 1 0 1 1 1 1 0 1 0
541


0 0 0 1 0 1 1 1 1 0 1 1
539


0 0 0 1 0 1 1 1 1 1 0 0
545


0 0 0 1 0 1 1 1 1 1 0 1
537


0 0 0 1 0 1 1 1 1 1 1 0
542


0 0 0 1 0 1 1 1 1 1 1 1
538


0 0 0 1 1 0 0 0 0 0 0 0
92


0 0 0 1 1 0 0 0 0 0 0 1
89


0 0 0 1 1 0 0 0 0 0 1 0
92


0 0 0 1 1 0 0 0 0 0 1 1
94


0 0 0 1 1 0 0 0 0 1 0 0
91


0 0 0 1 1 0 0 0 0 1 0 1
91


0 0 0 1 1 0 0 0 0 1 1 0
93


0 0 0 1 1 0 0 0 0 1 1 1
89


0 0 0 1 1 0 0 0 1 0 0 0
90


0 0 0 1 1 0 0 0 1 0 0 1
92


0 0 0 1 1 0 0 0 1 0 1 0
91


0 0 0 1 1 0 0 0 1 0 1 1
94


0 0 0 1 1 0 0 0 1 1 0 0
92


0 0 0 1 1 0 0 0 1 1 0 1
91


0 0 0 1 1 0 0 0 1 1 1 0
93


0 0 0 1 1 0 0 0 1 1 1 1
90


0 0 0 1 1 0 0 1 0 0 0 0
88


0 0 0 1 1 0 0 1 0 0 0 1
96


0 0 0 1 1 0 0 1 0 0 1 0
92


0 0 0 1 1 0 0 1 0 0 1 1
90


0 0 0 1 1 0 0 1 0 1 0 0
92


0 0 0 1 1 0 0 1 0 1 0 1
89


0 0 0 1 1 0 0 1 0 1 1 0
90


0 0 0 1 1 0 0 1 0 1 1 1
88


0 0 0 1 1 0 0 1 1 0 0 0
89


0 0 0 1 1 0 0 1 1 0 0 1
88


0 0 0 1 1 0 0 1 1 0 1 0
88


0 0 0 1 1 0 0 1 1 0 1 1
87


0 0 0 1 1 0 0 1 1 1 0 0
88


0 0 0 1 1 0 0 1 1 1 0 1
92


0 0 0 1 1 0 0 1 1 1 1 0
93


0 0 0 1 1 0 0 1 1 1 1 1
97


0 0 0 1 1 0 1 0 0 0 0 0
88


0 0 0 1 1 0 1 0 0 0 0 1
88


0 0 0 1 1 0 1 0 0 0 1 0
90


0 0 0 1 1 0 1 0 0 0 1 1
92


0 0 0 1 1 0 1 0 0 1 0 0
88


0 0 0 1 1 0 1 0 0 1 0 1
90


0 0 0 1 1 0 1 0 0 1 1 0
91


0 0 0 1 1 0 1 0 0 1 1 1
91


0 0 0 1 1 0 1 0 1 0 0 0
98


0 0 0 1 1 0 1 0 1 0 0 1
91


0 0 0 1 1 0 1 0 1 0 1 0
95


0 0 0 1 1 0 1 0 1 0 1 1
94


0 0 0 1 1 0 1 0 1 1 0 0
91


0 0 0 1 1 0 1 0 1 1 0 1
91


0 0 0 1 1 0 1 0 1 1 1 0
93


0 0 0 1 1 0 1 0 1 1 1 1
87


0 0 0 1 1 0 1 1 0 0 0 0
92


0 0 0 1 1 0 1 1 0 0 0 1
88


0 0 0 1 1 0 1 1 0 0 1 0
89


0 0 0 1 1 0 1 1 0 0 1 1
88


0 0 0 1 1 0 1 1 0 1 0 0
90


0 0 0 1 1 0 1 1 0 1 0 1
87


0 0 0 1 1 0 1 1 0 1 1 0
88


0 0 0 1 1 0 1 1 0 1 1 1
88


0 0 0 1 1 0 1 1 1 0 0 0
87


0 0 0 1 1 0 1 1 1 0 0 1
88


0 0 0 1 1 0 1 1 1 0 1 0
93


0 0 0 1 1 0 1 1 1 0 1 1
89


0 0 0 1 1 0 1 1 1 1 0 0
98


0 0 0 1 1 0 1 1 1 1 0 1
90


0 0 0 1 1 0 1 1 1 1 1 0
88


0 0 0 1 1 0 1 1 1 1 1 1
91


0 0 0 1 1 1 0 0 0 0 0 0
0


0 0 0 1 1 1 0 0 0 0 0 1
0


0 0 0 1 1 1 0 0 0 0 1 0
0


0 0 0 1 1 1 0 0 0 0 1 1
0


0 0 0 1 1 1 0 0 0 1 0 0
0


0 0 0 1 1 1 0 0 0 1 0 1
0


0 0 0 1 1 1 0 0 0 1 1 0
0


0 0 0 1 1 1 0 0 0 1 1 1
0


0 0 0 1 1 1 0 0 1 0 0 0
0


0 0 0 1 1 1 0 0 1 0 0 1
0


0 0 0 1 1 1 0 0 1 0 1 0
0


0 0 0 1 1 1 0 0 1 0 1 1
0


0 0 0 1 1 1 0 0 1 1 0 0
0


0 0 0 1 1 1 0 0 1 1 0 1
0


0 0 0 1 1 1 0 0 1 1 1 0
0


0 0 0 1 1 1 0 0 1 1 1 1
0


0 0 0 1 1 1 0 1 0 0 0 0
0


0 0 0 1 1 1 0 1 0 0 0 1
0


0 0 0 1 1 1 0 1 0 0 1 0
0


0 0 0 1 1 1 0 1 0 0 1 1
0


0 0 0 1 1 1 0 1 0 1 0 0
0


0 0 0 1 1 1 0 1 0 1 0 1
0


0 0 0 1 1 1 0 1 0 1 1 0
0


0 0 0 1 1 1 0 1 0 1 1 1
0


0 0 0 1 1 1 0 1 1 0 0 0
0


0 0 0 1 1 1 0 1 1 0 0 1
0


0 0 0 1 1 1 0 1 1 0 1 0
0


0 0 0 1 1 1 0 1 1 0 1 1
0


0 0 0 1 1 1 0 1 1 1 0 0
0


0 0 0 1 1 1 0 1 1 1 0 1
0


0 0 0 1 1 1 0 1 1 1 1 0
0


0 0 0 1 1 1 0 1 1 1 1 1
0


0 0 0 1 1 1 1 0 0 0 0 0
540


0 0 0 1 1 1 1 0 0 0 0 1
539


0 0 0 1 1 1 1 0 0 0 1 0
539


0 0 0 1 1 1 1 0 0 0 1 1
539


0 0 0 1 1 1 1 0 0 1 0 0
539


0 0 0 1 1 1 1 0 0 1 0 1
537


0 0 0 1 1 1 1 0 0 1 1 0
543


0 0 0 1 1 1 1 0 0 1 1 1
539


0 0 0 1 1 1 1 0 1 0 0 0
542


0 0 0 1 1 1 1 0 1 0 0 1
538


0 0 0 1 1 1 1 0 1 0 1 0
540


0 0 0 1 1 1 1 0 1 0 1 1
540


0 0 0 1 1 1 1 0 1 1 0 0
540


0 0 0 1 1 1 1 0 1 1 0 1
538


0 0 0 1 1 1 1 0 1 1 1 0
539


0 0 0 1 1 1 1 0 1 1 1 1
542


0 0 0 1 1 1 1 1 0 0 0 0
540


0 0 0 1 1 1 1 1 0 0 0 1
540


0 0 0 1 1 1 1 1 0 0 1 0
541


0 0 0 1 1 1 1 1 0 0 1 1
539


0 0 0 1 1 1 1 1 0 1 0 0
541


0 0 0 1 1 1 1 1 0 1 0 1
543


0 0 0 1 1 1 1 1 0 1 1 0
539


0 0 0 1 1 1 1 1 0 1 1 1
540


0 0 0 1 1 1 1 1 1 0 0 0
543


0 0 0 1 1 1 1 1 1 0 0 1
540


0 0 0 1 1 1 1 1 1 0 1 0
540


0 0 0 1 1 1 1 1 1 0 1 1
541


0 0 0 1 1 1 1 1 1 1 0 0
541


0 0 0 1 1 1 1 1 1 1 0 1
549


0 0 0 1 1 1 1 1 1 1 1 0
547


0 0 0 1 1 1 1 1 1 1 1 1
543


0 0 0 1 2 0 0 0 0 0 0 0
90


0 0 0 1 2 0 0 0 0 0 0 1
90


0 0 0 1 2 0 0 0 0 0 1 0
94


0 0 0 1 2 0 0 0 0 0 1 1
97


0 0 0 1 2 0 0 0 0 1 0 0
92


0 0 0 1 2 0 0 0 0 1 0 1
92


0 0 0 1 2 0 0 0 0 1 1 0
95


0 0 0 1 2 0 0 0 0 1 1 1
90


0 0 0 1 2 0 0 0 1 0 0 0
90


0 0 0 1 2 0 0 0 1 0 0 1
89


0 0 0 1 2 0 0 0 1 0 1 0
97


0 0 0 1 2 0 0 0 1 0 1 1
92


0 0 0 1 2 0 0 0 1 1 0 0
92


0 0 0 1 2 0 0 0 1 1 0 1
94


0 0 0 1 2 0 0 0 1 1 1 0
95


0 0 0 1 2 0 0 0 1 1 1 1
91


0 0 0 1 2 0 0 1 0 0 0 0
92


0 0 0 1 2 0 0 1 0 0 0 1
90


0 0 0 1 2 0 0 1 0 0 1 0
92


0 0 0 1 2 0 0 1 0 0 1 1
93


0 0 0 1 2 0 0 1 0 1 0 0
92


0 0 0 1 2 0 0 1 0 1 0 1
89


0 0 0 1 2 0 0 1 0 1 1 0
89


0 0 0 1 2 0 0 1 0 1 1 1
87


0 0 0 1 2 0 0 1 1 0 0 0
89


0 0 0 1 2 0 0 1 1 0 0 1
86


0 0 0 1 2 0 0 1 1 0 1 0
92


0 0 0 1 2 0 0 1 1 0 1 1
88


0 0 0 1 2 0 0 1 1 1 0 0
89


0 0 0 1 2 0 0 1 1 1 0 1
90


0 0 0 1 2 0 0 1 1 1 1 0
86


0 0 0 1 2 0 0 1 1 1 1 1
96


0 0 0 1 2 0 1 0 0 0 0 0
91


0 0 0 1 2 0 1 0 0 0 0 1
89


0 0 0 1 2 0 1 0 0 0 1 0
90


0 0 0 1 2 0 1 0 0 0 1 1
91


0 0 0 1 2 0 1 0 0 1 0 0
91


0 0 0 1 2 0 1 0 0 1 0 1
89


0 0 0 1 2 0 1 0 0 1 1 0
96


0 0 0 1 2 0 1 0 0 1 1 1
94


0 0 0 1 2 0 1 0 1 0 0 0
95


0 0 0 1 2 0 1 0 1 0 0 1
93


0 0 0 1 2 0 1 0 1 0 1 0
97


0 0 0 1 2 0 1 0 1 0 1 1
98


0 0 0 1 2 0 1 0 1 1 0 0
91


0 0 0 1 2 0 1 0 1 1 0 1
91


0 0 0 1 2 0 1 0 1 1 1 0
95


0 0 0 1 2 0 1 0 1 1 1 1
92


0 0 0 1 2 0 1 1 0 0 0 0
93


0 0 0 1 2 0 1 1 0 0 0 1
90


0 0 0 1 2 0 1 1 0 0 1 0
94


0 0 0 1 2 0 1 1 0 0 1 1
90


0 0 0 1 2 0 1 1 0 1 0 0
88


0 0 0 1 2 0 1 1 0 1 0 1
90


0 0 0 1 2 0 1 1 0 1 1 0
90


0 0 0 1 2 0 1 1 0 1 1 1
89


0 0 0 1 2 0 1 1 1 0 0 0
93


0 0 0 1 2 0 1 1 1 0 0 1
90


0 0 0 1 2 0 1 1 1 0 1 0
93


0 0 0 1 2 0 1 1 1 0 1 1
92


0 0 0 1 2 0 1 1 1 1 0 0
98


0 0 0 1 2 0 1 1 1 1 0 1
93


0 0 0 1 2 0 1 1 1 1 1 0
92


0 0 0 1 2 0 1 1 1 1 1 1
93


0 0 0 1 2 1 0 0 0 0 0 0
0


0 0 0 1 2 1 0 0 0 0 0 1
0


0 0 0 1 2 1 0 0 0 0 1 0
0


0 0 0 1 2 1 0 0 0 0 1 1
0


0 0 0 1 2 1 0 0 0 1 0 0
0


0 0 0 1 2 1 0 0 0 1 0 1
0


0 0 0 1 2 1 0 0 0 1 1 0
0


0 0 0 1 2 1 0 0 0 1 1 1
0


0 0 0 1 2 1 0 0 1 0 0 0
0


0 0 0 1 2 1 0 0 1 0 0 1
0


0 0 0 1 2 1 0 0 1 0 1 0
0


0 0 0 1 2 1 0 0 1 0 1 1
0


0 0 0 1 2 1 0 0 1 1 0 0
0


0 0 0 1 2 1 0 0 1 1 0 1
0


0 0 0 1 2 1 0 0 1 1 1 0
0


0 0 0 1 2 1 0 0 1 1 1 1
0


0 0 0 1 2 1 0 1 0 0 0 0
0


0 0 0 1 2 1 0 1 0 0 0 1
0


0 0 0 1 2 1 0 1 0 0 1 0
0


0 0 0 1 2 1 0 1 0 0 1 1
0


0 0 0 1 2 1 0 1 0 1 0 0
0


0 0 0 1 2 1 0 1 0 1 0 1
0


0 0 0 1 2 1 0 1 0 1 1 0
0


0 0 0 1 2 1 0 1 0 1 1 1
0


0 0 0 1 2 1 0 1 1 0 0 0
0


0 0 0 1 2 1 0 1 1 0 0 1
0


0 0 0 1 2 1 0 1 1 0 1 0
0


0 0 0 1 2 1 0 1 1 0 1 1
0


0 0 0 1 2 1 0 1 1 1 0 0
0


0 0 0 1 2 1 0 1 1 1 0 1
0


0 0 0 1 2 1 0 1 1 1 1 0
0


0 0 0 1 2 1 0 1 1 1 1 1
0


0 0 0 1 2 1 1 0 0 0 0 0
553


0 0 0 1 2 1 1 0 0 0 0 1
552


0 0 0 1 2 1 1 0 0 0 1 0
555


0 0 0 1 2 1 1 0 0 0 1 1
564


0 0 0 1 2 1 1 0 0 1 0 0
549


0 0 0 1 2 1 1 0 0 1 0 1
537


0 0 0 1 2 1 1 0 0 1 1 0
552


0 0 0 1 2 1 1 0 0 1 1 1
557


0 0 0 1 2 1 1 0 1 0 0 0
