0 0 0 0 0 0 0 0 0
27
27
25


0 0 0 0 0 0 0 0 1
27
28
29


0 0 0 0 0 0 0 1 0
27
29
28


0 0 0 0 0 0 0 1 1
26
27
26


0 0 0 0 0 0 1 0 0
36
37
37


0 0 0 0 0 0 1 0 1
36
35
35


0 0 0 0 0 0 1 1 0
37
35
38


0 0 0 0 0 0 1 1 1
36
36
36


0 0 0 0 0 1 0 0 0
29
29
28


0 0 0 0 0 1 0 0 1
27
30
26


0 0 0 0 0 1 0 1 0
29
30
28


0 0 0 0 0 1 0 1 1
27
29
28


0 0 0 0 0 1 1 0 0
36
37
37


0 0 0 0 0 1 1 0 1
36
36
36


0 0 0 0 0 1 1 1 0
35
39
37


0 0 0 0 0 1 1 1 1
39
36
36


0 0 0 0 1 0 0 0 0
28
27
26


0 0 0 0 1 0 0 0 1
28
28
27


0 0 0 0 1 0 0 1 0
28
28
29


0 0 0 0 1 0 0 1 1
27
27
29


0 0 0 0 1 0 1 0 0
37
41
37


0 0 0 0 1 0 1 0 1
36
36
36


0 0 0 0 1 0 1 1 0
37
37
37


0 0 0 0 1 0 1 1 1
36
36
35


0 0 0 0 1 1 0 0 0
29
29
27


0 0 0 0 1 1 0 0 1
27
27
26


0 0 0 0 1 1 0 1 0
27
26
27


0 0 0 0 1 1 0 1 1
29
26
28


0 0 0 0 1 1 1 0 0
34
36
38


0 0 0 0 1 1 1 0 1
33
34
35


0 0 0 0 1 1 1 1 0
36
34
36


0 0 0 0 1 1 1 1 1
34
35
36


0 0 0 1 0 0 0 0 0
26
26
24


0 0 0 1 0 0 0 0 1
24
25
26


0 0 0 1 0 0 0 1 0
26
27
27


0 0 0 1 0 0 0 1 1
26
28
26


0 0 0 1 0 0 1 0 0
22
23
21


0 0 0 1 0 0 1 0 1
24
21
21


0 0 0 1 0 0 1 1 0
23
22
23


0 0 0 1 0 0 1 1 1
23
21
23


0 0 0 1 0 1 0 0 0
26
24
25


0 0 0 1 0 1 0 0 1
26
26
25


0 0 0 1 0 1 0 1 0
25
25
25


0 0 0 1 0 1 0 1 1
27
25
24


0 0 0 1 0 1 1 0 0
23
23
22


0 0 0 1 0 1 1 0 1
22
23
25


0 0 0 1 0 1 1 1 0
24
23
23


0 0 0 1 0 1 1 1 1
24
22
22


0 0 0 1 1 0 0 0 0
25
26
26


0 0 0 1 1 0 0 0 1
27
25
29


0 0 0 1 1 0 0 1 0
27
25
25


0 0 0 1 1 0 0 1 1
25
25
27


0 0 0 1 1 0 1 0 0
22
24
25


0 0 0 1 1 0 1 0 1
21
24
24


0 0 0 1 1 0 1 1 0
24
22
23


0 0 0 1 1 0 1 1 1
22
24
22


0 0 0 1 1 1 0 0 0
28
25
28


0 0 0 1 1 1 0 0 1
26
25
26


0 0 0 1 1 1 0 1 0
27
25
25


0 0 0 1 1 1 0 1 1
25
28
26


0 0 0 1 1 1 1 0 0
22
22
24


0 0 0 1 1 1 1 0 1
25
23
22


0 0 0 1 1 1 1 1 0
24
23
22


0 0 0 1 1 1 1 1 1
23
21
21


0 0 1 0 0 0 0 0 0
165
162
164


0 0 1 0 0 0 0 0 1
162
160
157


0 0 1 0 0 0 0 1 0
158
158
157


0 0 1 0 0 0 0 1 1
158
158
156


0 0 1 0 0 0 1 0 0
172
171
171


0 0 1 0 0 0 1 0 1
172
171
173


0 0 1 0 0 0 1 1 0
177
175
179


0 0 1 0 0 0 1 1 1
178
177
176


0 0 1 0 0 1 0 0 0
164
161
162


0 0 1 0 0 1 0 0 1
158
163
159


0 0 1 0 0 1 0 1 0
159
158
158


0 0 1 0 0 1 0 1 1
157
157
159


0 0 1 0 0 1 1 0 0
172
173
169


0 0 1 0 0 1 1 0 1
169
170
170


0 0 1 0 0 1 1 1 0
171
172
172


0 0 1 0 0 1 1 1 1
172
170
171


0 0 1 0 1 0 0 0 0
159
158
160


0 0 1 0 1 0 0 0 1
159
157
159


0 0 1 0 1 0 0 1 0
160
158
158


0 0 1 0 1 0 0 1 1
158
160
158


0 0 1 0 1 0 1 0 0
171
171
170


0 0 1 0 1 0 1 0 1
171
170
169


0 0 1 0 1 0 1 1 0
171
171
172


0 0 1 0 1 0 1 1 1
170
171
170


0 0 1 0 1 1 0 0 0
160
159
160


0 0 1 0 1 1 0 0 1
160
158
158


0 0 1 0 1 1 0 1 0
157
160
160


0 0 1 0 1 1 0 1 1
158
159
159


0 0 1 0 1 1 1 0 0
171
171
170


0 0 1 0 1 1 1 0 1
171
171
169


0 0 1 0 1 1 1 1 0
170
170
171


0 0 1 0 1 1 1 1 1
171
171
170


0 0 1 1 0 0 0 0 0
157
158
159


0 0 1 1 0 0 0 0 1
159
159
158


0 0 1 1 0 0 0 1 0
158
159
158


0 0 1 1 0 0 0 1 1
158
159
157


0 0 1 1 0 0 1 0 0
158
157
157


0 0 1 1 0 0 1 0 1
157
158
158


0 0 1 1 0 0 1 1 0
154
154
154


0 0 1 1 0 0 1 1 1
154
154
155


0 0 1 1 0 1 0 0 0
156
154
156


0 0 1 1 0 1 0 0 1
156
155
155


0 0 1 1 0 1 0 1 0
155
155
156


0 0 1 1 0 1 0 1 1
156
154
155


0 0 1 1 0 1 1 0 0
155
155
153


0 0 1 1 0 1 1 0 1
155
156
154


0 0 1 1 0 1 1 1 0
155
155
155


0 0 1 1 0 1 1 1 1
154
154
155


0 0 1 1 1 0 0 0 0
156
154
156


0 0 1 1 1 0 0 0 1
155
155
156


0 0 1 1 1 0 0 1 0
154
156
155


0 0 1 1 1 0 0 1 1
156
155
157


0 0 1 1 1 0 1 0 0
153
154
154


0 0 1 1 1 0 1 0 1
156
155
154


0 0 1 1 1 0 1 1 0
154
155
155


0 0 1 1 1 0 1 1 1
155
155
155


0 0 1 1 1 1 0 0 0
156
155
156


0 0 1 1 1 1 0 0 1
156
157
155


0 0 1 1 1 1 0 1 0
155
155
155


0 0 1 1 1 1 0 1 1
155
157
155


0 0 1 1 1 1 1 0 0
155
155
154


0 0 1 1 1 1 1 0 1
156
154
156


0 0 1 1 1 1 1 1 0
154
155
155


0 0 1 1 1 1 1 1 1
156
154
155


0 1 0 0 0 0 0 0 0
8
10
7


0 1 0 0 0 0 0 0 1
8
8
12


0 1 0 0 0 0 0 1 0
9
10
8


0 1 0 0 0 0 0 1 1
11
8
11


0 1 0 0 0 0 1 0 0
11
10
10


0 1 0 0 0 0 1 0 1
10
9
10


0 1 0 0 0 0 1 1 0
11
11
10


0 1 0 0 0 0 1 1 1
10
9
11


0 1 0 0 0 1 0 0 0
9
12
9


0 1 0 0 0 1 0 0 1
9
9
11


0 1 0 0 0 1 0 1 0
12
9
8


0 1 0 0 0 1 0 1 1
8
8
9


0 1 0 0 0 1 1 0 0
11
11
15


0 1 0 0 0 1 1 0 1
11
11
11


0 1 0 0 0 1 1 1 0
10
11
10


0 1 0 0 0 1 1 1 1
9
12
14


0 1 0 0 1 0 0 0 0
10
11
8


0 1 0 0 1 0 0 0 1
10
11
8


0 1 0 0 1 0 0 1 0
10
10
11


0 1 0 0 1 0 0 1 1
9
8
9


0 1 0 0 1 0 1 0 0
10
12
9


0 1 0 0 1 0 1 0 1
12
13
10


0 1 0 0 1 0 1 1 0
10
10
11


0 1 0 0 1 0 1 1 1
10
10
11


0 1 0 0 1 1 0 0 0
9
9
8


0 1 0 0 1 1 0 0 1
9
10
9


0 1 0 0 1 1 0 1 0
10
13
10


0 1 0 0 1 1 0 1 1
10
11
10


0 1 0 0 1 1 1 0 0
9
11
10


0 1 0 0 1 1 1 0 1
11
9
10


0 1 0 0 1 1 1 1 0
12
11
11


0 1 0 0 1 1 1 1 1
10
10
11


0 1 0 1 0 0 0 0 0
8
9
9


0 1 0 1 0 0 0 0 1
12
9
10


0 1 0 1 0 0 0 1 0
8
9
9


0 1 0 1 0 0 0 1 1
8
10
8


0 1 0 1 0 0 1 0 0
8
11
9


0 1 0 1 0 0 1 0 1
9
8
6


0 1 0 1 0 0 1 1 0
10
8
8


0 1 0 1 0 0 1 1 1
7
7
7


0 1 0 1 0 1 0 0 0
14
8
10


0 1 0 1 0 1 0 0 1
8
8
8


0 1 0 1 0 1 0 1 0
13
10
10


0 1 0 1 0 1 0 1 1
9
9
10


0 1 0 1 0 1 1 0 0
7
11
7


0 1 0 1 0 1 1 0 1
9
9
7


0 1 0 1 0 1 1 1 0
6
8
6


0 1 0 1 0 1 1 1 1
5
7
10


0 1 0 1 1 0 0 0 0
14
11
8


0 1 0 1 1 0 0 0 1
11
8
9


0 1 0 1 1 0 0 1 0
9
10
9


0 1 0 1 1 0 0 1 1
13
13
9


0 1 0 1 1 0 1 0 0
8
8
10


0 1 0 1 1 0 1 0 1
7
7
8


0 1 0 1 1 0 1 1 0
7
7
8


0 1 0 1 1 0 1 1 1
8
7
7


0 1 0 1 1 1 0 0 0
10
8
9


0 1 0 1 1 1 0 0 1
10
8
9


0 1 0 1 1 1 0 1 0
10
9
9


0 1 0 1 1 1 0 1 1
11
7
9


0 1 0 1 1 1 1 0 0
8
11
11


0 1 0 1 1 1 1 0 1
9
8
10


0 1 0 1 1 1 1 1 0
6
6
8


0 1 0 1 1 1 1 1 1
6
6
9


0 1 1 0 0 0 0 0 0
157
156
155


0 1 1 0 0 0 0 0 1
156
155
156


0 1 1 0 0 0 0 1 0
156
156
155


0 1 1 0 0 0 0 1 1
154
155
156


0 1 1 0 0 0 1 0 0
155
156
154


0 1 1 0 0 0 1 0 1
156
155
155


0 1 1 0 0 0 1 1 0
155
155
155


0 1 1 0 0 0 1 1 1
155
156
156


0 1 1 0 0 1 0 0 0
156
155
156


0 1 1 0 0 1 0 0 1
154
155
156


0 1 1 0 0 1 0 1 0
155
155
156


0 1 1 0 0 1 0 1 1
155
155
156


0 1 1 0 0 1 1 0 0
157
155
156


0 1 1 0 0 1 1 0 1
155
155
156


0 1 1 0 0 1 1 1 0
156
155
156


0 1 1 0 0 1 1 1 1
156
154
155


0 1 1 0 1 0 0 0 0
156
155
156


0 1 1 0 1 0 0 0 1
155
154
156


0 1 1 0 1 0 0 1 0
155
155
155


0 1 1 0 1 0 0 1 1
157
158
155


0 1 1 0 1 0 1 0 0
156
154
159


0 1 1 0 1 0 1 0 1
159
158
158


0 1 1 0 1 0 1 1 0
159
158
159


0 1 1 0 1 0 1 1 1
158
157
159


0 1 1 0 1 1 0 0 0
159
158
158


0 1 1 0 1 1 0 0 1
158
156
155


0 1 1 0 1 1 0 1 0
158
157
157


0 1 1 0 1 1 0 1 1
157
157
157


0 1 1 0 1 1 1 0 0
157
157
156


0 1 1 0 1 1 1 0 1
157
158
159


0 1 1 0 1 1 1 1 0
157
158
157


0 1 1 0 1 1 1 1 1
157
157
157


0 1 1 1 0 0 0 0 0
160
161
164


0 1 1 1 0 0 0 0 1
160
159
160


0 1 1 1 0 0 0 1 0
159
160
159


0 1 1 1 0 0 0 1 1
160
158
159


0 1 1 1 0 0 1 0 0
161
161
160


0 1 1 1 0 0 1 0 1
161
159
160


0 1 1 1 0 0 1 1 0
160
162
161


0 1 1 1 0 0 1 1 1
161
161
161


0 1 1 1 0 1 0 0 0
158
159
160


0 1 1 1 0 1 0 0 1
161
159
159


0 1 1 1 0 1 0 1 0
158
160
160


0 1 1 1 0 1 0 1 1
159
159
158


0 1 1 1 0 1 1 0 0
160
161
160


0 1 1 1 0 1 1 0 1
161
162
162


0 1 1 1 0 1 1 1 0
164
160
162


0 1 1 1 0 1 1 1 1
162
162
162


0 1 1 1 1 0 0 0 0
160
160
160


0 1 1 1 1 0 0 0 1
159
161
158


0 1 1 1 1 0 0 1 0
159
160
160


0 1 1 1 1 0 0 1 1
166
166
161


0 1 1 1 1 0 1 0 0
164
163
162


0 1 1 1 1 0 1 0 1
162
163
162


0 1 1 1 1 0 1 1 0
164
164
163


0 1 1 1 1 0 1 1 1
165
164
164


0 1 1 1 1 1 0 0 0
162
162
162


0 1 1 1 1 1 0 0 1
164
160
159


0 1 1 1 1 1 0 1 0
159
161
162


0 1 1 1 1 1 0 1 1
161
161
163


0 1 1 1 1 1 1 0 0
164
162
165


0 1 1 1 1 1 1 0 1
163
162
162


0 1 1 1 1 1 1 1 0
163
162
162


0 1 1 1 1 1 1 1 1
161
161
163


0 2 0 0 0 0 0 0 0
11
9
9


0 2 0 0 0 0 0 0 1
9
8
9


0 2 0 0 0 0 0 1 0
9
9
8


0 2 0 0 0 0 0 1 1
10
8
12


0 2 0 0 0 0 1 0 0
7
13
10


0 2 0 0 0 0 1 0 1
11
10
10


0 2 0 0 0 0 1 1 0
13
7
10


0 2 0 0 0 0 1 1 1
8
9
11


0 2 0 0 0 1 0 0 0
8
8
8


0 2 0 0 0 1 0 0 1
7
6
8


0 2 0 0 0 1 0 1 0
9
10
10


0 2 0 0 0 1 0 1 1
8
7
6


0 2 0 0 0 1 1 0 0
8
13
9


0 2 0 0 0 1 1 0 1
8
8
8


0 2 0 0 0 1 1 1 0
9
12
11


0 2 0 0 0 1 1 1 1
11
9
9


0 2 0 0 1 0 0 0 0
8
10
6


0 2 0 0 1 0 0 0 1
9
9
11


0 2 0 0 1 0 0 1 0
7
10
7


0 2 0 0 1 0 0 1 1
9
7
6


0 2 0 0 1 0 1 0 0
7
8
11


0 2 0 0 1 0 1 0 1
9
10
11


0 2 0 0 1 0 1 1 0
8
10
12


0 2 0 0 1 0 1 1 1
11
8
10


0 2 0 0 1 1 0 0 0
9
9
9


0 2 0 0 1 1 0 0 1
6
9
7


0 2 0 0 1 1 0 1 0
10
7
8


0 2 0 0 1 1 0 1 1
10
8
10


0 2 0 0 1 1 1 0 0
8
9
7


0 2 0 0 1 1 1 0 1
11
9
9


0 2 0 0 1 1 1 1 0
10
11
9


0 2 0 0 1 1 1 1 1
10
17
7


0 2 0 1 0 0 0 0 0
7
8
6


0 2 0 1 0 0 0 0 1
11
9
12


0 2 0 1 0 0 0 1 0
8
8
9


0 2 0 1 0 0 0 1 1
7
9
8


0 2 0 1 0 0 1 0 0
7
7
6


0 2 0 1 0 0 1 0 1
7
7
7


0 2 0 1 0 0 1 1 0
5
6
4


0 2 0 1 0 0 1 1 1
7
6
7


0 2 0 1 0 1 0 0 0
9
6
8


0 2 0 1 0 1 0 0 1
6
6
11


0 2 0 1 0 1 0 1 0
8
7
7


0 2 0 1 0 1 0 1 1
7
7
6


0 2 0 1 0 1 1 0 0
6
6
6


0 2 0 1 0 1 1 0 1
6
7
8


0 2 0 1 0 1 1 1 0
5
6
8


0 2 0 1 0 1 1 1 1
7
5
6


0 2 0 1 1 0 0 0 0
7
7
9


0 2 0 1 1 0 0 0 1
9
6
9


0 2 0 1 1 0 0 1 0
7
7
8


0 2 0 1 1 0 0 1 1
6
9
7


0 2 0 1 1 0 1 0 0
6
9
7


0 2 0 1 1 0 1 0 1
5
6
7


0 2 0 1 1 0 1 1 0
8
9
7


0 2 0 1 1 0 1 1 1
5
6
7


0 2 0 1 1 1 0 0 0
6
9
9


0 2 0 1 1 1 0 0 1
8
10
8


0 2 0 1 1 1 0 1 0
8
7
6


0 2 0 1 1 1 0 1 1
7
6
10


0 2 0 1 1 1 1 0 0
7
5
7


0 2 0 1 1 1 1 0 1
6
6
6


0 2 0 1 1 1 1 1 0
5
5
5


0 2 0 1 1 1 1 1 1
5
6
8


0 2 1 0 0 0 0 0 0
158
161
159


0 2 1 0 0 0 0 0 1
158
160
161


0 2 1 0 0 0 0 1 0
161
159
160


0 2 1 0 0 0 0 1 1
160
158
159


0 2 1 0 0 0 1 0 0
161
160
158


0 2 1 0 0 0 1 0 1
157
159
158


0 2 1 0 0 0 1 1 0
157
158
160


0 2 1 0 0 0 1 1 1
157
158
180


0 2 1 0 0 1 0 0 0
160
159
158


0 2 1 0 0 1 0 0 1
158
158
158


0 2 1 0 0 1 0 1 0
159
161
161


0 2 1 0 0 1 0 1 1
161
161
159


0 2 1 0 0 1 1 0 0
159
158
159


0 2 1 0 0 1 1 0 1
158
158
158


0 2 1 0 0 1 1 1 0
158
157
158


0 2 1 0 0 1 1 1 1
157
159
159


0 2 1 0 1 0 0 0 0
160
159
159


0 2 1 0 1 0 0 0 1
160
160
158


0 2 1 0 1 0 0 1 0
159
157
159


0 2 1 0 1 0 0 1 1
158
159
158


0 2 1 0 1 0 1 0 0
159
158
159


0 2 1 0 1 0 1 0 1
158
159
160


0 2 1 0 1 0 1 1 0
157
157
158


0 2 1 0 1 0 1 1 1
159
159
159


0 2 1 0 1 1 0 0 0
157
160
159


0 2 1 0 1 1 0 0 1
158
158
159


0 2 1 0 1 1 0 1 0
159
159
159


0 2 1 0 1 1 0 1 1
159
159
159


0 2 1 0 1 1 1 0 0
158
158
159


0 2 1 0 1 1 1 0 1
159
156
157


0 2 1 0 1 1 1 1 0
158
158
158


0 2 1 0 1 1 1 1 1
159
158
158


0 2 1 1 0 0 0 0 0
160
160
158


0 2 1 1 0 0 0 0 1
158
160
158


0 2 1 1 0 0 0 1 0
158
160
158


0 2 1 1 0 0 0 1 1
160
160
159


0 2 1 1 0 0 1 0 0
160
160
162


0 2 1 1 0 0 1 0 1
161
160
161


0 2 1 1 0 0 1 1 0
161
162
173


0 2 1 1 0 0 1 1 1
161
162
162


0 2 1 1 0 1 0 0 0
159
159
160


0 2 1 1 0 1 0 0 1
159
161
159


0 2 1 1 0 1 0 1 0
161
160
161


0 2 1 1 0 1 0 1 1
160
158
160


0 2 1 1 0 1 1 0 0
161
162
162


0 2 1 1 0 1 1 0 1
164
160
162


0 2 1 1 0 1 1 1 0
159
161
160


0 2 1 1 0 1 1 1 1
162
160
159


0 2 1 1 1 0 0 0 0
157
158
157


0 2 1 1 1 0 0 0 1
157
156
156


0 2 1 1 1 0 0 1 0
157
156
156


0 2 1 1 1 0 0 1 1
157
157
156


0 2 1 1 1 0 1 0 0
158
158
159


0 2 1 1 1 0 1 0 1
158
160
158


0 2 1 1 1 0 1 1 0
158
158
158


0 2 1 1 1 0 1 1 1
159
158
158


0 2 1 1 1 1 0 0 0
157
156
157


0 2 1 1 1 1 0 0 1
155
157
157


0 2 1 1 1 1 0 1 0
157
156
157


0 2 1 1 1 1 0 1 1
158
156
156


0 2 1 1 1 1 1 0 0
158
158
159


0 2 1 1 1 1 1 0 1
158
158
159


0 2 1 1 1 1 1 1 0
158
158
158


0 2 1 1 1 1 1 1 1
159
159
157


1 0 0 0 0 0 0 0 0
30
29
29


1 0 0 0 0 0 0 0 1
29
29
27


1 0 0 0 0 0 0 1 0
30
30
31


1 0 0 0 0 0 0 1 1
30
29
28


1 0 0 0 0 0 1 0 0
40
39
38


1 0 0 0 0 0 1 0 1
40
37
38


1 0 0 0 0 0 1 1 0
40
40
42


1 0 0 0 0 0 1 1 1
40
38
38


1 0 0 0 0 1 0 0 0
33
30
29


1 0 0 0 0 1 0 0 1
30
28
30


1 0 0 0 0 1 0 1 0
31
31
28


1 0 0 0 0 1 0 1 1
30
30
31


1 0 0 0 0 1 1 0 0
38
38
39


1 0 0 0 0 1 1 0 1
39
38
36


1 0 0 0 0 1 1 1 0
39
37
36


1 0 0 0 0 1 1 1 1
37
38
38


1 0 0 0 1 0 0 0 0
32
30
32


1 0 0 0 1 0 0 0 1
30
29
30


1 0 0 0 1 0 0 1 0
31
29
29


1 0 0 0 1 0 0 1 1
29
29
29


1 0 0 0 1 0 1 0 0
39
39
39


1 0 0 0 1 0 1 0 1
37
37
36


1 0 0 0 1 0 1 1 0
38
38
37


1 0 0 0 1 0 1 1 1
39
36
39


1 0 0 0 1 1 0 0 0
28
27
32


1 0 0 0 1 1 0 0 1
29
31
32


1 0 0 0 1 1 0 1 0
30
28
30


1 0 0 0 1 1 0 1 1
30
28
32


1 0 0 0 1 1 1 0 0
38
39
39


1 0 0 0 1 1 1 0 1
39
39
38


1 0 0 0 1 1 1 1 0
38
37
39


1 0 0 0 1 1 1 1 1
37
39
39


1 0 0 1 0 0 0 0 0
31
28
27


1 0 0 1 0 0 0 0 1
30
25
29


1 0 0 1 0 0 0 1 0
28
30
31


1 0 0 1 0 0 0 1 1
29
27
28


1 0 0 1 0 0 1 0 0
23
24
24


1 0 0 1 0 0 1 0 1
23
24
25


1 0 0 1 0 0 1 1 0
24
24
24


1 0 0 1 0 0 1 1 1
25
23
22


1 0 0 1 0 1 0 0 0
31
28
30


1 0 0 1 0 1 0 0 1
27
26
27


1 0 0 1 0 1 0 1 0
26
27
28


1 0 0 1 0 1 0 1 1
27
28
31


1 0 0 1 0 1 1 0 0
26
26
24


1 0 0 1 0 1 1 0 1
23
25
24


1 0 0 1 0 1 1 1 0
23
23
23


1 0 0 1 0 1 1 1 1
24
23
23


1 0 0 1 1 0 0 0 0
28
27
29


1 0 0 1 1 0 0 0 1
25
29
29


1 0 0 1 1 0 0 1 0
27
28
31


1 0 0 1 1 0 0 1 1
28
27
28


1 0 0 1 1 0 1 0 0
25
24
24


1 0 0 1 1 0 1 0 1
23
22
23


1 0 0 1 1 0 1 1 0
24
25
24


1 0 0 1 1 0 1 1 1
22
23
25


1 0 0 1 1 1 0 0 0
28
27
28


1 0 0 1 1 1 0 0 1
30
27
27


1 0 0 1 1 1 0 1 0
30
25
28


1 0 0 1 1 1 0 1 1
27
29
30


1 0 0 1 1 1 1 0 0
25
24
24


1 0 0 1 1 1 1 0 1
24
24
24


1 0 0 1 1 1 1 1 0
23
26
25


1 0 0 1 1 1 1 1 1
23
25
23


1 0 1 0 0 0 0 0 0
158
158
155


1 0 1 0 0 0 0 0 1
158
157
156


1 0 1 0 0 0 0 1 0
157
158
157


1 0 1 0 0 0 0 1 1
157
158
157


1 0 1 0 0 0 1 0 0
171
170
169


1 0 1 0 0 0 1 0 1
169
169
169


1 0 1 0 0 0 1 1 0
168
169
169


1 0 1 0 0 0 1 1 1
168
170
169


1 0 1 0 0 1 0 0 0
158
157
159


1 0 1 0 0 1 0 0 1
156
157
157


1 0 1 0 0 1 0 1 0
158
157
157


1 0 1 0 0 1 0 1 1
158
156
157


1 0 1 0 0 1 1 0 0
169
168
170


1 0 1 0 0 1 1 0 1
169
169
169


1 0 1 0 0 1 1 1 0
169
170
170


1 0 1 0 0 1 1 1 1
169
168
170


1 0 1 0 1 0 0 0 0
156
157
157


1 0 1 0 1 0 0 0 1
156
157
156


1 0 1 0 1 0 0 1 0
158
157
157


1 0 1 0 1 0 0 1 1
156
158
158


1 0 1 0 1 0 1 0 0
170
168
171


1 0 1 0 1 0 1 0 1
169
167
170


1 0 1 0 1 0 1 1 0
169
169
170


1 0 1 0 1 0 1 1 1
167
169
169


1 0 1 0 1 1 0 0 0
157
157
156


1 0 1 0 1 1 0 0 1
157
158
157


1 0 1 0 1 1 0 1 0
157
156
156


1 0 1 0 1 1 0 1 1
158
155
156


1 0 1 0 1 1 1 0 0
171
168
171


1 0 1 0 1 1 1 0 1
169
169
169


1 0 1 0 1 1 1 1 0
169
169
170


1 0 1 0 1 1 1 1 1
168
169
168


1 0 1 1 0 0 0 0 0
157
155
155


1 0 1 1 0 0 0 0 1
156
156
154


1 0 1 1 0 0 0 1 0
157
157
156


1 0 1 1 0 0 0 1 1
155
155
155


1 0 1 1 0 0 1 0 0
155
153
155


1 0 1 1 0 0 1 0 1
155
155
154


1 0 1 1 0 0 1 1 0
155
155
155


1 0 1 1 0 0 1 1 1
155
156
155


1 0 1 1 0 1 0 0 0
157
156
157


1 0 1 1 0 1 0 0 1
154
157
156


1 0 1 1 0 1 0 1 0
155
156
155


1 0 1 1 0 1 0 1 1
157
154
154


1 0 1 1 0 1 1 0 0
154
154
154


1 0 1 1 0 1 1 0 1
155
155
156


1 0 1 1 0 1 1 1 0
155
156
155


1 0 1 1 0 1 1 1 1
154
155
155


1 0 1 1 1 0 0 0 0
155
156
156


1 0 1 1 1 0 0 0 1
156
154
155


1 0 1 1 1 0 0 1 0
156
154
156


1 0 1 1 1 0 0 1 1
155
156
160


1 0 1 1 1 0 1 0 0
155
159
157


1 0 1 1 1 0 1 0 1
154
159
161


1 0 1 1 1 0 1 1 0
158
161
158


1 0 1 1 1 0 1 1 1
158
163
160


1 0 1 1 1 1 0 0 0
157
159
157


1 0 1 1 1 1 0 0 1
159
158
160


1 0 1 1 1 1 0 1 0
157
156
159


1 0 1 1 1 1 0 1 1
157
159
159


1 0 1 1 1 1 1 0 0
159
160
158


1 0 1 1 1 1 1 0 1
160
159
158


1 0 1 1 1 1 1 1 0
159
158
159


1 0 1 1 1 1 1 1 1
155
156
157


1 1 0 0 0 0 0 0 0
12
11
9


1 1 0 0 0 0 0 0 1
9
9
10


1 1 0 0 0 0 0 1 0
10
12
11


1 1 0 0 0 0 0 1 1
11
12
10


1 1 0 0 0 0 1 0 0
13
10
10


1 1 0 0 0 0 1 0 1
10
11
11


1 1 0 0 0 0 1 1 0
11
14
12


1 1 0 0 0 0 1 1 1
11
12
13


1 1 0 0 0 1 0 0 0
10
11
9


1 1 0 0 0 1 0 0 1
10
10
10


1 1 0 0 0 1 0 1 0
10
12
9


1 1 0 0 0 1 0 1 1
11
11
10


1 1 0 0 0 1 1 0 0
11
14
13


1 1 0 0 0 1 1 0 1
13
12
12


1 1 0 0 0 1 1 1 0
15
12
14


1 1 0 0 0 1 1 1 1
12
13
10


1 1 0 0 1 0 0 0 0
11
10
12


1 1 0 0 1 0 0 0 1
11
12
9


1 1 0 0 1 0 0 1 0
12
11
10


1 1 0 0 1 0 0 1 1
10
10
12


1 1 0 0 1 0 1 0 0
11
12
14


1 1 0 0 1 0 1 0 1
11
14
12


1 1 0 0 1 0 1 1 0
11
11
12


1 1 0 0 1 0 1 1 1
10
13
12


1 1 0 0 1 1 0 0 0
13
11
12


1 1 0 0 1 1 0 0 1
10
10
10


1 1 0 0 1 1 0 1 0
8
10
11


1 1 0 0 1 1 0 1 1
10
10
10


1 1 0 0 1 1 1 0 0
13
13
12


1 1 0 0 1 1 1 0 1
11
12
11


1 1 0 0 1 1 1 1 0
11
11
14


1 1 0 0 1 1 1 1 1
12
11
15


1 1 0 1 0 0 0 0 0
12
10
11


1 1 0 1 0 0 0 0 1
10
8
11


1 1 0 1 0 0 0 1 0
10
11
9


1 1 0 1 0 0 0 1 1
11
10
10


1 1 0 1 0 0 1 0 0
6
8
10


1 1 0 1 0 0 1 0 1
6
6
10


1 1 0 1 0 0 1 1 0
11
11
6


1 1 0 1 0 0 1 1 1
8
11
7


1 1 0 1 0 1 0 0 0
12
9
9


1 1 0 1 0 1 0 0 1
10
9
8


1 1 0 1 0 1 0 1 0
9
10
9


1 1 0 1 0 1 0 1 1
9
10
10


1 1 0 1 0 1 1 0 0
9
8
9


1 1 0 1 0 1 1 0 1
6
9
9


1 1 0 1 0 1 1 1 0
10
9
10


1 1 0 1 0 1 1 1 1
9
7
7


1 1 0 1 1 0 0 0 0
9
9
9


1 1 0 1 1 0 0 0 1
8
11
10


1 1 0 1 1 0 0 1 0
13
9
10


1 1 0 1 1 0 0 1 1
12
9
9


1 1 0 1 1 0 1 0 0
11
7
7


1 1 0 1 1 0 1 0 1
8
7
8


1 1 0 1 1 0 1 1 0
9
8
10


1 1 0 1 1 0 1 1 1
9
7
7


1 1 0 1 1 1 0 0 0
9
9
10


1 1 0 1 1 1 0 0 1
8
12
10


1 1 0 1 1 1 0 1 0
12
9
10


1 1 0 1 1 1 0 1 1
12
8
11


1 1 0 1 1 1 1 0 0
7
11
8


1 1 0 1 1 1 1 0 1
10
7
6


1 1 0 1 1 1 1 1 0
7
10
7


1 1 0 1 1 1 1 1 1
8
10
8


1 1 1 0 0 0 0 0 0
157
158
157


1 1 1 0 0 0 0 0 1
158
157
158


1 1 1 0 0 0 0 1 0
157
159
158


1 1 1 0 0 0 0 1 1
158
157
158


1 1 1 0 0 0 1 0 0
156
156
157


1 1 1 0 0 0 1 0 1
158
158
158


1 1 1 0 0 0 1 1 0
158
158
157


1 1 1 0 0 0 1 1 1
157
157
158


1 1 1 0 0 1 0 0 0
158
159
157


1 1 1 0 0 1 0 0 1
157
157
156


1 1 1 0 0 1 0 1 0
158
157
156


1 1 1 0 0 1 0 1 1
158
158
157


1 1 1 0 0 1 1 0 0
157
156
158


1 1 1 0 0 1 1 0 1
157
156
158


1 1 1 0 0 1 1 1 0
157
157
158


1 1 1 0 0 1 1 1 1
157
157
157


1 1 1 0 1 0 0 0 0
159
157
156


1 1 1 0 1 0 0 0 1
156
161
160


1 1 1 0 1 0 0 1 0
158
160
158


1 1 1 0 1 0 0 1 1
158
158
157


1 1 1 0 1 0 1 0 0
157
158
156


1 1 1 0 1 0 1 0 1
158
158
158


1 1 1 0 1 0 1 1 0
157
157
156


1 1 1 0 1 0 1 1 1
157
157
156


1 1 1 0 1 1 0 0 0
157
157
157


1 1 1 0 1 1 0 0 1
158
157
158


1 1 1 0 1 1 0 1 0
158
159
156


1 1 1 0 1 1 0 1 1
158
158
157


1 1 1 0 1 1 1 0 0
156
157
158


1 1 1 0 1 1 1 0 1
158
156
157


1 1 1 0 1 1 1 1 0
156
156
157


1 1 1 0 1 1 1 1 1
157
155
159


1 1 1 1 0 0 0 0 0
159
158
158


1 1 1 1 0 0 0 0 1
158
158
159


1 1 1 1 0 0 0 1 0
156
157
155


1 1 1 1 0 0 0 1 1
157
160
159


1 1 1 1 0 0 1 0 0
162
160
160


1 1 1 1 0 0 1 0 1
161
162
161


1 1 1 1 0 0 1 1 0
160
161
160


1 1 1 1 0 0 1 1 1
160
162
161


1 1 1 1 0 1 0 0 0
158
159
157


1 1 1 1 0 1 0 0 1
157
158
158


1 1 1 1 0 1 0 1 0
159
158
159


1 1 1 1 0 1 0 1 1
159
157
159


1 1 1 1 0 1 1 0 0
162
159
159


1 1 1 1 0 1 1 0 1
162
160
161


1 1 1 1 0 1 1 1 0
178
181
1321


1 1 1 1 0 1 1 1 1
162
163
163


1 1 1 1 1 0 0 0 0
168
168
168


1 1 1 1 1 0 0 0 1
166
167
168


1 1 1 1 1 0 0 1 0
166
166
166


1 1 1 1 1 0 0 1 1
168
167
167


1 1 1 1 1 0 1 0 0
169
170
171


1 1 1 1 1 0 1 0 1
168
160
160


1 1 1 1 1 0 1 1 0
160
158
158


1 1 1 1 1 0 1 1 1
163
162
160


1 1 1 1 1 1 0 0 0
159
160
156


1 1 1 1 1 1 0 0 1
158
158
157


1 1 1 1 1 1 0 1 0
158
158
160


1 1 1 1 1 1 0 1 1
161
160
161


1 1 1 1 1 1 1 0 0
163
161
161


1 1 1 1 1 1 1 0 1
163
162
160


1 1 1 1 1 1 1 1 0
161
160
160


1 1 1 1 1 1 1 1 1
162
163
163


1 2 0 0 0 0 0 0 0
7
10
9


1 2 0 0 0 0 0 0 1
7
9
6


1 2 0 0 0 0 0 1 0
8
9
9


1 2 0 0 0 0 0 1 1
10
9
10


1 2 0 0 0 0 1 0 0
9
10
13


1 2 0 0 0 0 1 0 1
10
9
10


1 2 0 0 0 0 1 1 0
10
9
10


1 2 0 0 0 0 1 1 1
11
10
10


1 2 0 0 0 1 0 0 0
9
9
9


1 2 0 0 0 1 0 0 1
6
9
9


1 2 0 0 0 1 0 1 0
9
11
9


1 2 0 0 0 1 0 1 1
9
10
10


1 2 0 0 0 1 1 0 0
10
9
10


1 2 0 0 0 1 1 0 1
9
9
10


1 2 0 0 0 1 1 1 0
9
12
8


1 2 0 0 0 1 1 1 1
10
12
8


1 2 0 0 1 0 0 0 0
9
7
7


1 2 0 0 1 0 0 0 1
9
11
7


1 2 0 0 1 0 0 1 0
10
9
10


1 2 0 0 1 0 0 1 1
7
8
9


1 2 0 0 1 0 1 0 0
8
10
10


1 2 0 0 1 0 1 0 1
9
9
9


1 2 0 0 1 0 1 1 0
10
8
8


1 2 0 0 1 0 1 1 1
11
9
10


1 2 0 0 1 1 0 0 0
7
8
8


1 2 0 0 1 1 0 0 1
8
10
7


1 2 0 0 1 1 0 1 0
8
9
8


1 2 0 0 1 1 0 1 1
7
9
8


1 2 0 0 1 1 1 0 0
10
9
9


1 2 0 0 1 1 1 0 1
9
8
9


1 2 0 0 1 1 1 1 0
11
10
12


1 2 0 0 1 1 1 1 1
9
10
11


1 2 0 1 0 0 0 0 0
7
7
7


1 2 0 1 0 0 0 0 1
6
7
10


1 2 0 1 0 0 0 1 0
9
7
9


1 2 0 1 0 0 0 1 1
8
8
9


1 2 0 1 0 0 1 0 0
10
10
6


1 2 0 1 0 0 1 0 1
6
6
9


1 2 0 1 0 0 1 1 0
6
7
6


1 2 0 1 0 0 1 1 1
6
8
9


1 2 0 1 0 1 0 0 0
7
7
7


1 2 0 1 0 1 0 0 1
6
8
8


1 2 0 1 0 1 0 1 0
6
7
10


1 2 0 1 0 1 0 1 1
8
6
6


1 2 0 1 0 1 1 0 0
6
6
7


1 2 0 1 0 1 1 0 1
7
6
7


1 2 0 1 0 1 1 1 0
7
6
9


1 2 0 1 0 1 1 1 1
8
6
8


1 2 0 1 1 0 0 0 0
10
9
9


1 2 0 1 1 0 0 0 1
11
9
9


1 2 0 1 1 0 0 1 0
9
10
8


1 2 0 1 1 0 0 1 1
7
7
11


1 2 0 1 1 0 1 0 0
9
8
7


1 2 0 1 1 0 1 0 1
6
7
6


1 2 0 1 1 0 1 1 0
6
9
10


1 2 0 1 1 0 1 1 1
8
5
5


1 2 0 1 1 1 0 0 0
8
7
8


1 2 0 1 1 1 0 0 1
11
10
6


1 2 0 1 1 1 0 1 0
7
7
7


1 2 0 1 1 1 0 1 1
6
6
7


1 2 0 1 1 1 1 0 0
8
5
5


1 2 0 1 1 1 1 0 1
6
6
10


1 2 0 1 1 1 1 1 0
5
7
5


1 2 0 1 1 1 1 1 1
6
7
7


1 2 1 0 0 0 0 0 0
161
157
159


1 2 1 0 0 0 0 0 1
160
158
159


1 2 1 0 0 0 0 1 0
155
156
156


1 2 1 0 0 0 0 1 1
156
157
156


1 2 1 0 0 0 1 0 0
156
157
155


1 2 1 0 0 0 1 0 1
157
157
155


1 2 1 0 0 0 1 1 0
156
157
157


1 2 1 0 0 0 1 1 1
156
157
157


1 2 1 0 0 1 0 0 0
156
156
156


1 2 1 0 0 1 0 0 1
156
156
155


1 2 1 0 0 1 0 1 0
157
157
156


1 2 1 0 0 1 0 1 1
157
157
158


1 2 1 0 0 1 1 0 0
156
158
155


1 2 1 0 0 1 1 0 1
156
158
157


1 2 1 0 0 1 1 1 0
157
156
157


1 2 1 0 0 1 1 1 1
156
156
156


1 2 1 0 1 0 0 0 0
157
156
155


1 2 1 0 1 0 0 0 1
156
155
156


1 2 1 0 1 0 0 1 0
156
155
155


1 2 1 0 1 0 0 1 1
156
156
156


1 2 1 0 1 0 1 0 0
155
156
156


1 2 1 0 1 0 1 0 1
155
156
155


1 2 1 0 1 0 1 1 0
156
156
157


1 2 1 0 1 0 1 1 1
155
156
155


1 2 1 0 1 1 0 0 0
156
157
156


1 2 1 0 1 1 0 0 1
155
156
157


1 2 1 0 1 1 0 1 0
157
157
156


1 2 1 0 1 1 0 1 1
157
156
156


1 2 1 0 1 1 1 0 0
156
156
156


1 2 1 0 1 1 1 0 1
156
156
157


1 2 1 0 1 1 1 1 0
154
156
156


1 2 1 0 1 1 1 1 1
156
156
156


1 2 1 1 0 0 0 0 0
156
156
157


1 2 1 1 0 0 0 0 1
157
156
156


1 2 1 1 0 0 0 1 0
158
155
157


1 2 1 1 0 0 0 1 1
156
157
157


1 2 1 1 0 0 1 0 0
160
158
158


1 2 1 1 0 0 1 0 1
159
160
158


1 2 1 1 0 0 1 1 0
159
159
159


1 2 1 1 0 0 1 1 1
159
159
159


1 2 1 1 0 1 0 0 0
157
157
157


1 2 1 1 0 1 0 0 1
156
156
156


1 2 1 1 0 1 0 1 0
157
155
156


1 2 1 1 0 1 0 1 1
157
156
157


1 2 1 1 0 1 1 0 0
159
159
159


1 2 1 1 0 1 1 0 1
160
159
159


1 2 1 1 0 1 1 1 0
158
160
158


1 2 1 1 0 1 1 1 1
160
158
159


1 2 1 1 1 0 0 0 0
157
156
156


1 2 1 1 1 0 0 0 1
157
155
157


1 2 1 1 1 0 0 1 0
156
156
159


1 2 1 1 1 0 0 1 1
156
157
157


1 2 1 1 1 0 1 0 0
160
159
159


1 2 1 1 1 0 1 0 1
158
159
159


1 2 1 1 1 0 1 1 0
159
159
157


1 2 1 1 1 0 1 1 1
160
159
159


1 2 1 1 1 1 0 0 0
157
156
156


1 2 1 1 1 1 0 0 1
156
156
158


1 2 1 1 1 1 0 1 0
155
157
157


1 2 1 1 1 1 0 1 1
158
157
155


1 2 1 1 1 1 1 0 0
158
159
160


1 2 1 1 1 1 1 0 1
160
160
159


1 2 1 1 1 1 1 1 0
158
158
160


1 2 1 1 1 1 1 1 1
159
159
159


2 0 0 0 0 0 0 0 0
37
40
40


2 0 0 0 0 0 0 0 1
39
37
38


2 0 0 0 0 0 0 1 0
37
37
40


2 0 0 0 0 0 0 1 1
40
39
39


2 0 0 0 0 0 1 0 0
44
45
43


2 0 0 0 0 0 1 0 1
46
46
47


2 0 0 0 0 0 1 1 0
47
44
45


2 0 0 0 0 0 1 1 1
46
46
45


2 0 0 0 0 1 0 0 0
37
38
37


2 0 0 0 0 1 0 0 1
34
34
35


2 0 0 0 0 1 0 1 0
34
36
37


2 0 0 0 0 1 0 1 1
35
35
35


2 0 0 0 0 1 1 0 0
51
42
45


2 0 0 0 0 1 1 0 1
42
44
44


2 0 0 0 0 1 1 1 0
43
44
46


2 0 0 0 0 1 1 1 1
43
43
41


2 0 0 0 1 0 0 0 0
34
32
35


2 0 0 0 1 0 0 0 1
37
35
35


2 0 0 0 1 0 0 1 0
32
34
38


2 0 0 0 1 0 0 1 1
32
33
34


2 0 0 0 1 0 1 0 0
44
42
43


2 0 0 0 1 0 1 0 1
47
43
42


2 0 0 0 1 0 1 1 0
41
43
42


2 0 0 0 1 0 1 1 1
40
44
45


2 0 0 0 1 1 0 0 0
33
34
35


2 0 0 0 1 1 0 0 1
33
34
33


2 0 0 0 1 1 0 1 0
33
34
33


2 0 0 0 1 1 0 1 1
38
33
32


2 0 0 0 1 1 1 0 0
42
42
41


2 0 0 0 1 1 1 0 1
41
43
41


2 0 0 0 1 1 1 1 0
44
45
40


2 0 0 0 1 1 1 1 1
40
40
41


2 0 0 1 0 0 0 0 0
32
30
30


2 0 0 1 0 0 0 0 1
30
33
30


2 0 0 1 0 0 0 1 0
32
31
31


2 0 0 1 0 0 0 1 1
32
33
32


2 0 0 1 0 0 1 0 0
25
25
28


2 0 0 1 0 0 1 0 1
26
25
23


2 0 0 1 0 0 1 1 0
23
25
24


2 0 0 1 0 0 1 1 1
24
24
25


2 0 0 1 0 1 0 0 0
33
34
33


2 0 0 1 0 1 0 0 1
33
31
30


2 0 0 1 0 1 0 1 0
34
32
32


2 0 0 1 0 1 0 1 1
32
30
32


2 0 0 1 0 1 1 0 0
25
25
25


2 0 0 1 0 1 1 0 1
26
25
24


2 0 0 1 0 1 1 1 0
26
25
26


2 0 0 1 0 1 1 1 1
24
23
25


2 0 0 1 1 0 0 0 0
34
34
32


2 0 0 1 1 0 0 0 1
31
32
32


2 0 0 1 1 0 0 1 0
32
32
32


2 0 0 1 1 0 0 1 1
32
31
32


2 0 0 1 1 0 1 0 0
24
26
27


2 0 0 1 1 0 1 0 1
24
25
23


2 0 0 1 1 0 1 1 0
27
26
25


2 0 0 1 1 0 1 1 1
24
25
26


2 0 0 1 1 1 0 0 0
32
32
33


2 0 0 1 1 1 0 0 1
31
31
31


2 0 0 1 1 1 0 1 0
32
33
33


2 0 0 1 1 1 0 1 1
33
34
31


2 0 0 1 1 1 1 0 0
26
26
26


2 0 0 1 1 1 1 0 1
25
25
24


2 0 0 1 1 1 1 1 0
25
26
26


2 0 0 1 1 1 1 1 1
24
24
26


2 0 1 0 0 0 0 0 0
165
161
160


2 0 1 0 0 0 0 0 1
161
161
161


2 0 1 0 0 0 0 1 0
160
161
161


2 0 1 0 0 0 0 1 1
160
160
160


2 0 1 0 0 0 1 0 0
174
175
173


2 0 1 0 0 0 1 0 1
175
173
174


2 0 1 0 0 0 1 1 0
174
178
174


2 0 1 0 0 0 1 1 1
175
173
173


2 0 1 0 0 1 0 0 0
160
161
160


2 0 1 0 0 1 0 0 1
160
160
161


2 0 1 0 0 1 0 1 0
163
162
160


2 0 1 0 0 1 0 1 1
160
161
159


2 0 1 0 0 1 1 0 0
175
174
174


2 0 1 0 0 1 1 0 1
174
173
176


2 0 1 0 0 1 1 1 0
175
176
174


2 0 1 0 0 1 1 1 1
174
174
174


2 0 1 0 1 0 0 0 0
161
163
161


2 0 1 0 1 0 0 0 1
161
160
160


2 0 1 0 1 0 0 1 0
161
161
162


2 0 1 0 1 0 0 1 1
160
162
162


2 0 1 0 1 0 1 0 0
178
182
177


2 0 1 0 1 0 1 0 1
182
178
182


2 0 1 0 1 0 1 1 0
177
177
176


2 0 1 0 1 0 1 1 1
176
175
175


2 0 1 0 1 1 0 0 0
161
160
161


2 0 1 0 1 1 0 0 1
161
161
160


2 0 1 0 1 1 0 1 0
161
161
163


2 0 1 0 1 1 0 1 1
161
161
163


2 0 1 0 1 1 1 0 0
180
181
184


2 0 1 0 1 1 1 0 1
194
183
185


2 0 1 0 1 1 1 1 0
201
184
184


2 0 1 0 1 1 1 1 1
182
185
185


2 0 1 1 0 0 0 0 0
170
177
168


2 0 1 1 0 0 0 0 1
168
167
167


2 0 1 1 0 0 0 1 0
168
169
169


2 0 1 1 0 0 0 1 1
166
165
166


2 0 1 1 0 0 1 0 0
165
164
177


2 0 1 1 0 0 1 0 1
162
166
163


2 0 1 1 0 0 1 1 0
163
164
164


2 0 1 1 0 0 1 1 1
164
164
163


2 0 1 1 0 1 0 0 0
165
165
167


2 0 1 1 0 1 0 0 1
164
168
177


2 0 1 1 0 1 0 1 0
175
170
160


2 0 1 1 0 1 0 1 1
163
163
161


2 0 1 1 0 1 1 0 0
159
158
158


2 0 1 1 0 1 1 0 1
159
170
161


2 0 1 1 0 1 1 1 0
167
163
163


2 0 1 1 0 1 1 1 1
166
159
157


2 0 1 1 1 0 0 0 0
160
161
160


2 0 1 1 1 0 0 0 1
160
159
160


2 0 1 1 1 0 0 1 0
158
159
160


2 0 1 1 1 0 0 1 1
159
170
160


2 0 1 1 1 0 1 0 0
158
157
157


2 0 1 1 1 0 1 0 1
158
158
158


2 0 1 1 1 0 1 1 0
158
158
159


2 0 1 1 1 0 1 1 1
159
163
157


2 0 1 1 1 1 0 0 0
161
160
162


2 0 1 1 1 1 0 0 1
161
159
159


2 0 1 1 1 1 0 1 0
159
159
158


2 0 1 1 1 1 0 1 1
160
158
162


2 0 1 1 1 1 1 0 0
165
160
179


2 0 1 1 1 1 1 0 1
159
161
158


2 0 1 1 1 1 1 1 0
160
161
160


2 0 1 1 1 1 1 1 1
159
157
160


2 1 0 0 0 0 0 0 0
282
13
11


2 1 0 0 0 0 0 0 1
12
11
15


2 1 0 0 0 0 0 1 0
12
15
15


2 1 0 0 0 0 0 1 1
12
12
10


2 1 0 0 0 0 1 0 0
13
14
12


2 1 0 0 0 0 1 0 1
13
12
12


2 1 0 0 0 0 1 1 0
14
12
18


2 1 0 0 0 0 1 1 1
14
11
12


2 1 0 0 0 1 0 0 0
12
11
12


2 1 0 0 0 1 0 0 1
10
12
13


2 1 0 0 0 1 0 1 0
11
12
11


2 1 0 0 0 1 0 1 1
13
10
11


2 1 0 0 0 1 1 0 0
12
13
14


2 1 0 0 0 1 1 0 1
13
12
11


2 1 0 0 0 1 1 1 0
12
11
13


2 1 0 0 0 1 1 1 1
13
13
12


2 1 0 0 1 0 0 0 0
10
11
12


2 1 0 0 1 0 0 0 1
11
10
10


2 1 0 0 1 0 0 1 0
11
10
11


2 1 0 0 1 0 0 1 1
14
10
10


2 1 0 0 1 0 1 0 0
14
14
13


2 1 0 0 1 0 1 0 1
11
11
11


2 1 0 0 1 0 1 1 0
15
12
12


2 1 0 0 1 0 1 1 1
12
15
12


2 1 0 0 1 1 0 0 0
11
12
12


2 1 0 0 1 1 0 0 1
16
12
12


2 1 0 0 1 1 0 1 0
11
10
13


2 1 0 0 1 1 0 1 1
10
10
10


2 1 0 0 1 1 1 0 0
12
12
11


2 1 0 0 1 1 1 0 1
12
11
11


2 1 0 0 1 1 1 1 0
12
14
11


2 1 0 0 1 1 1 1 1
12
12
11


2 1 0 1 0 0 0 0 0
10
10
9


2 1 0 1 0 0 0 0 1
9
8
11


2 1 0 1 0 0 0 1 0
11
11
10


2 1 0 1 0 0 0 1 1
10
9
9


2 1 0 1 0 0 1 0 0
10
6
11


2 1 0 1 0 0 1 0 1
8
7
10


2 1 0 1 0 0 1 1 0
9
10
7


2 1 0 1 0 0 1 1 1
9
7
8


2 1 0 1 0 1 0 0 0
10
11
11


2 1 0 1 0 1 0 0 1
12
11
10


2 1 0 1 0 1 0 1 0
9
10
12


2 1 0 1 0 1 0 1 1
11
10
12


2 1 0 1 0 1 1 0 0
8
9
9


2 1 0 1 0 1 1 0 1
9
10
10


2 1 0 1 0 1 1 1 0
9
9
8


2 1 0 1 0 1 1 1 1
10
9
9


2 1 0 1 1 0 0 0 0
14
10
10


2 1 0 1 1 0 0 0 1
10
10
13


2 1 0 1 1 0 0 1 0
11
10
12


2 1 0 1 1 0 0 1 1
10
11
11


2 1 0 1 1 0 1 0 0
9
9
11


2 1 0 1 1 0 1 0 1
8
7
8


2 1 0 1 1 0 1 1 0
11
10
13


2 1 0 1 1 0 1 1 1
6
7
8


2 1 0 1 1 1 0 0 0
11
10
9


2 1 0 1 1 1 0 0 1
11
11
12


2 1 0 1 1 1 0 1 0
11
12
9


2 1 0 1 1 1 0 1 1
10
9
12


2 1 0 1 1 1 1 0 0
11
8
7


2 1 0 1 1 1 1 0 1
9
7
7


2 1 0 1 1 1 1 1 0
7
6
7


2 1 0 1 1 1 1 1 1
7
6
8


2 1 1 0 0 0 0 0 0
159
155
157


2 1 1 0 0 0 0 0 1
157
155
158


2 1 1 0 0 0 0 1 0
155
159
176


2 1 1 0 0 0 0 1 1
230
203
164


2 1 1 0 0 0 1 0 0
169
168
167


2 1 1 0 0 0 1 0 1
169
169
166


2 1 1 0 0 0 1 1 0
169
167
165


2 1 1 0 0 0 1 1 1
168
166
167


2 1 1 0 0 1 0 0 0
166
165
159


2 1 1 0 0 1 0 0 1
158
159
157


2 1 1 0 0 1 0 1 0
156
157
157


2 1 1 0 0 1 0 1 1
157
158
158


2 1 1 0 0 1 1 0 0
157
157
158


2 1 1 0 0 1 1 0 1
157
158
156


2 1 1 0 0 1 1 1 0
157
156
157


2 1 1 0 0 1 1 1 1
158
158
157


2 1 1 0 1 0 0 0 0
157
157
158


2 1 1 0 1 0 0 0 1
158
159
157


2 1 1 0 1 0 0 1 0
157
157
156


2 1 1 0 1 0 0 1 1
157
159
157


2 1 1 0 1 0 1 0 0
157
157
157


2 1 1 0 1 0 1 0 1
159
158
157


2 1 1 0 1 0 1 1 0
158
157
157


2 1 1 0 1 0 1 1 1
157
158
157


2 1 1 0 1 1 0 0 0
157
158
158


2 1 1 0 1 1 0 0 1
157
157
157


2 1 1 0 1 1 0 1 0
158
157
158


2 1 1 0 1 1 0 1 1
157
158
158


2 1 1 0 1 1 1 0 0
157
158
156


2 1 1 0 1 1 1 0 1
158
158
158


2 1 1 0 1 1 1 1 0
158
157
157


2 1 1 0 1 1 1 1 1
158
157
158


2 1 1 1 0 0 0 0 0
159
157
159


2 1 1 1 0 0 0 0 1
159
159
159


2 1 1 1 0 0 0 1 0
158
157
158


2 1 1 1 0 0 0 1 1
159
158
158


2 1 1 1 0 0 1 0 0
163
161
160


2 1 1 1 0 0 1 0 1
162
161
162


2 1 1 1 0 0 1 1 0
160
162
161


2 1 1 1 0 0 1 1 1
160
161
161


2 1 1 1 0 1 0 0 0
158
158
158


2 1 1 1 0 1 0 0 1
158
159
158


2 1 1 1 0 1 0 1 0
158
160
157


2 1 1 1 0 1 0 1 1
158
158
158


2 1 1 1 0 1 1 0 0
162
161
162


2 1 1 1 0 1 1 0 1
161
162
163


2 1 1 1 0 1 1 1 0
161
161
161


2 1 1 1 0 1 1 1 1
160
163
161


2 1 1 1 1 0 0 0 0
158
157
160


2 1 1 1 1 0 0 0 1
159
157
159


2 1 1 1 1 0 0 1 0
159
158
159


2 1 1 1 1 0 0 1 1
159
158
159


2 1 1 1 1 0 1 0 0
162
162
162


2 1 1 1 1 0 1 0 1
162
162
162


2 1 1 1 1 0 1 1 0
162
161
162


2 1 1 1 1 0 1 1 1
162
161
161


2 1 1 1 1 1 0 0 0
158
160
158


2 1 1 1 1 1 0 0 1
160
159
159


2 1 1 1 1 1 0 1 0
159
159
158


2 1 1 1 1 1 0 1 1
160
158
159


2 1 1 1 1 1 1 0 0
162
161
161


2 1 1 1 1 1 1 0 1
163
160
160


2 1 1 1 1 1 1 1 0
162
161
162


2 1 1 1 1 1 1 1 1
162
162
161


2 2 0 0 0 0 0 0 0
8
10
9


2 2 0 0 0 0 0 0 1
9
10
11


2 2 0 0 0 0 0 1 0
8
10
11


2 2 0 0 0 0 0 1 1
7
8
11


2 2 0 0 0 0 1 0 0
12
8
12


2 2 0 0 0 0 1 0 1
8
9
12


2 2 0 0 0 0 1 1 0
9
10
9


2 2 0 0 0 0 1 1 1
9
9
11


2 2 0 0 0 1 0 0 0
10
12
9


2 2 0 0 0 1 0 0 1
9
7
8


2 2 0 0 0 1 0 1 0
9
11
7


2 2 0 0 0 1 0 1 1
10
9
9


2 2 0 0 0 1 1 0 0
8
13
10


2 2 0 0 0 1 1 0 1
10
12
12


2 2 0 0 0 1 1 1 0
10
10
10


2 2 0 0 0 1 1 1 1
10
10
11


2 2 0 0 1 0 0 0 0
11
9
10


2 2 0 0 1 0 0 0 1
9
10
10


2 2 0 0 1 0 0 1 0
9
9
9


2 2 0 0 1 0 0 1 1
7
12
8


2 2 0 0 1 0 1 0 0
12
10
12


2 2 0 0 1 0 1 0 1
12
10
10


2 2 0 0 1 0 1 1 0
10
12
9


2 2 0 0 1 0 1 1 1
11
9
10


2 2 0 0 1 1 0 0 0
8
9
8


2 2 0 0 1 1 0 0 1
9
11
13


2 2 0 0 1 1 0 1 0
12
8
13


2 2 0 0 1 1 0 1 1
8
8
11


2 2 0 0 1 1 1 0 0
9
9
8


2 2 0 0 1 1 1 0 1
9
9
13


2 2 0 0 1 1 1 1 0
8
11
9


2 2 0 0 1 1 1 1 1
12
9
10


2 2 0 1 0 0 0 0 0
9
8
8


2 2 0 1 0 0 0 0 1
8
9
7


2 2 0 1 0 0 0 1 0
11
9
7


2 2 0 1 0 0 0 1 1
8
9
12


2 2 0 1 0 0 1 0 0
7
9
8


2 2 0 1 0 0 1 0 1
5
5
7


2 2 0 1 0 0 1 1 0
6
8
8


2 2 0 1 0 0 1 1 1
9
9
8


2 2 0 1 0 1 0 0 0
7
7
9


2 2 0 1 0 1 0 0 1
8
9
8


2 2 0 1 0 1 0 1 0
8
8
8


2 2 0 1 0 1 0 1 1
7
10
8


2 2 0 1 0 1 1 0 0
7
6
8


2 2 0 1 0 1 1 0 1
6
8
6


2 2 0 1 0 1 1 1 0
8
5
7


2 2 0 1 0 1 1 1 1
6
10
6


2 2 0 1 1 0 0 0 0
9
7
7


2 2 0 1 1 0 0 0 1
9
9
9


2 2 0 1 1 0 0 1 0
9
12
10


2 2 0 1 1 0 0 1 1
9
10
8


2 2 0 1 1 0 1 0 0
8
7
7


2 2 0 1 1 0 1 0 1
7
6
9


2 2 0 1 1 0 1 1 0
6
8
11


2 2 0 1 1 0 1 1 1
7
8
7


2 2 0 1 1 1 0 0 0
8
9
8


2 2 0 1 1 1 0 0 1
7
7
9


2 2 0 1 1 1 0 1 0
8
9
8


2 2 0 1 1 1 0 1 1
10
8
7


2 2 0 1 1 1 1 0 0
9
9
9


2 2 0 1 1 1 1 0 1
7
6
9


2 2 0 1 1 1 1 1 0
9
6
8


2 2 0 1 1 1 1 1 1
8
5
7


2 2 1 0 0 0 0 0 0
158
157
156


2 2 1 0 0 0 0 0 1
159
158
157


2 2 1 0 0 0 0 1 0
158
156
157


2 2 1 0 0 0 0 1 1
155
158
158


2 2 1 0 0 0 1 0 0
156
157
156


2 2 1 0 0 0 1 0 1
157
157
158


2 2 1 0 0 0 1 1 0
158
158
158


2 2 1 0 0 0 1 1 1
158
157
156


2 2 1 0 0 1 0 0 0
158
157
158


2 2 1 0 0 1 0 0 1
158
157
158


2 2 1 0 0 1 0 1 0
157
157
158


2 2 1 0 0 1 0 1 1
158
159
156


2 2 1 0 0 1 1 0 0
157
158
156


2 2 1 0 0 1 1 0 1
158
157
157


2 2 1 0 0 1 1 1 0
155
156
161


2 2 1 0 0 1 1 1 1
156
157
156


2 2 1 0 1 0 0 0 0
158
157
159


2 2 1 0 1 0 0 0 1
157
157
156


2 2 1 0 1 0 0 1 0
158
157
158


2 2 1 0 1 0 0 1 1
158
157
159


2 2 1 0 1 0 1 0 0
157
160
157


2 2 1 0 1 0 1 0 1
158
157
157


2 2 1 0 1 0 1 1 0
157
157
156


2 2 1 0 1 0 1 1 1
157
158
157


2 2 1 0 1 1 0 0 0
158
159
157


2 2 1 0 1 1 0 0 1
157
157
158


2 2 1 0 1 1 0 1 0
158
158
158


2 2 1 0 1 1 0 1 1
157
156
157


2 2 1 0 1 1 1 0 0
156
157
157


2 2 1 0 1 1 1 0 1
158
157
157


2 2 1 0 1 1 1 1 0
157
157
158


2 2 1 0 1 1 1 1 1
158
157
157


2 2 1 1 0 0 0 0 0
157
157
159


2 2 1 1 0 0 0 0 1
160
158
158


2 2 1 1 0 0 0 1 0
157
157
159


2 2 1 1 0 0 0 1 1
159
159
158


2 2 1 1 0 0 1 0 0
162
162
162


2 2 1 1 0 0 1 0 1
161
161
162


2 2 1 1 0 0 1 1 0
160
161
161


2 2 1 1 0 0 1 1 1
162
162
162


2 2 1 1 0 1 0 0 0
158
159
158


2 2 1 1 0 1 0 0 1
159
159
158


2 2 1 1 0 1 0 1 0
158
158
159


2 2 1 1 0 1 0 1 1
157
159
159


2 2 1 1 0 1 1 0 0
162
162
162


2 2 1 1 0 1 1 0 1
161
160
162


2 2 1 1 0 1 1 1 0
161
161
163


2 2 1 1 0 1 1 1 1
160
163
162


2 2 1 1 1 0 0 0 0
160
159
159


2 2 1 1 1 0 0 0 1
159
160
160


2 2 1 1 1 0 0 1 0
160
161
160


2 2 1 1 1 0 0 1 1
157
160
157


2 2 1 1 1 0 1 0 0
160
165
162


2 2 1 1 1 0 1 0 1
161
162
162


2 2 1 1 1 0 1 1 0
165
162
166


2 2 1 1 1 0 1 1 1
161
161
162


2 2 1 1 1 1 0 0 0
156
155
159


2 2 1 1 1 1 0 0 1
160
161
161


2 2 1 1 1 1 0 1 0
160
158
157


2 2 1 1 1 1 0 1 1
159
158
159


2 2 1 1 1 1 1 0 0
162
163
161


2 2 1 1 1 1 1 0 1
161
161
162


2 2 1 1 1 1 1 1 0
161
161
164


2 2 1 1 1 1 1 1 1
161
162
161


